24420 12210 12210 10175.0 1005 1626987
4219 8214 8214 1078.0 128388 966853
6458 7336 7336 71.7 59320 641848
6141 6739 6739 73.9 58224 605637
6036 6387 6387 76.1 65716 582308
7192 6790 6790 78.3 59615 649171
5961 6375 6375 80.5 77615 606628
6354 6365 6365 82.7 65150 636639
6624 6494 6494 84.9 75769 659423
6797 6645 6645 87.1 75080 696736
6878 6762 6762 89.3 81866 723314
7099 6930 6930 89.6 46966 780655
7578 7254 7254 89.8 53063 815703
6700 6977 6977 90.1 63122 774792
6058 6518 6518 90.3 56049 728917
6180 6349 6399 90.6 92587 680252
29 3189 3970 80.5 593444 -167355
12 12 731 62.0 592002 -531541
12 12 177 40.2 590560 -581100
12 12 88 6.0 589118 -588410
12 12 52 6.5 587676 -587219
11 11 10 7.2 586234 -586134
12 12 11 7.9 583350 -583238
11 11 10 8.5 581908 -581789
11 11 10 9.2 580505 -580377
6948 3479 2669 9.9 215643 -180439
10689 7084 6181 10.6 0 87057
2690 4887 4469 11.2 13990 52957
6484 5686 5202 11.9 3589 78996
4133 4909 4486 12.6 6688 68544
5925 5417 4956 12.6 6051 77064
2259 3838 3667 12.6 10958 50551
6600 5219 4655 12.6 35682 42391
16 16 716 6.0 74029 -68270
11 11 0 1.6 72587 -72587
9 9 22 1.6 71352 -71306
0 5 0 1.6 0 0
7600 3802 2972 1.6 0 6318
5612 4707 4238 1.6 0 9009
21553 13130 11787 1.6 0 25058
10952 12041 12250 1.6 1795 24246
22304 17173 15887 1.6 1098 32676
6506 11839 12700 1.6 5219 21780
24481 18160 14382 1.6 7357 23217
10417 14288 16812 1.6 1529 34210
29734 22011 17828 1.6 2173 35726
17392 19702 23657 1.6 3635 46657
21392 20547 18601 1.6 6570 32972
5334 12940 14771 1.6 4416 26985
37642 25291 19947 6.0 9068 151504
6824 16058 23057 12.6 15934 370775
3694 9876 6293 20.9 50296 124968
3021 6448 10657 21.9 14284 296332
2993 4721 117 40.7 42978 -36613
645 2683 559 40.7 0 30340
2883 2783 1203 40.7 4447 60917
1646 2215 1671 40.7 4218 86516
1318 1766 1090 40.7 8961 50247
1209 1488 1340 40.7 5901 66858
1463 1476 1146 40.7 7867 54399
1801 1638 1345 40.7 5996 67075
2033 1836 1600 40.7 64093 22814
3122 2479 2177 40.7 2346 115906
2830 2654 2557 40.7 8330 130563
4642 3648 3239 40.7 10080 165839
3909 3779 3781 44.1 29648 192946
3252 3516 3358 67.0 20622 279545
4078 3797 3617 74.0 38989 317982
5190 4493 4057 74.0 47311 353156
4931 4712 4348 74.0 36905 392220
7916 6314 5611 74.0 26036 527776
5510 5912 5988 74.0 54677 536320
3984 3984 4037 69.3 166167 206709
9974 6979 5831 69.3 16884 521640
4268 5623 5840 69.3 103508 435826
5795 5709 4594 69.3 44871 379394
6797 6253 6339 69.3 55062 530362
5114 5683 5123 69.3 83216 389882
4190 4936 4631 79.1 55196 433204
3879 3879 3757 79.1 62020 334206
3185 3185 2708 82.0 48033 248233
2432 2432 2040 84.7 28600 201770
3346 2889 2144 84.7 28793 213268
3910 3399 2916 89.2 12628 334037
3740 3570 3178 89.2 49560 328275
3935 3753 3571 89.2 24623 399904
5056 4404 4081 89.2 55490 429712
4323 4364 4193 89.2 68817 429738
3968 4166 3934 89.2 68057 399664
3016 3016 3129 84.7 105586 247748
1608 1608 1535 83.1 133965 36014
1539 1539 1088 83.1 3920 116510
2126 1833 1304 83.1 10551 133857
1938 1885 1447 83.1 9449 150762
2073 1979 1804 83.1 21315 178451
2071 2025 1942 83.1 19322 195683
3240 2633 2324 83.1 21052 236279
3261 2947 2785 83.1 14622 293772
3866 3407 3130 83.1 46573 300005
4433 3920 3744 83.1 11743 402801
4844 4382 4127 83.1 71034 386016
5323 4852 4588 83.1 33528 474566
5232 5042 4835 84.7 77842 468097
7160 6101 5580 84.7 52222 577916
6694 6398 6170 84.7 53199 643497
5955 6176 5886 84.7 60059 604576
4961 4961 5042 84.2 62622 503597
5127 5044 4482 84.2 57381 445950
5089 5067 4612 84.2 64998 453008
5372 5219 4521 84.7 64799 446083
5996 5608 5165 89.2 53054 561395
7614 6611 6012 97.8 55169 729141
4930 4930 5137 84.1 67198 508584
5390 5160 4540 84.1 50968 457915
5725 5442 5226 84.1 72236 513479
6962 6202 5271 84.1 75312 515499
6634 6418 6120 84.1 50370 635592
6777 6597 6221 84.1 59296 637929
5505 6051 5951 84.1 54176 612756
6087 6069 5597 96.0 62232 654010
6213 6141 5737 99.8 66937 696227
6104 6123 5596 99.8 86413 657941
6193 6158 5735 99.8 76194 686729
7695 6926 6330 99.8 67858 774244
5638 6282 6130 99.0 72346 737185
6414 6348 5819 99.0 62674 705766
5253 5253 5300 96.6 65675 616807
6423 5838 4988 96.6 48772 593527
6793 6316 5909 96.6 142644 618220
6017 6017 5534 96.6 49414 663175
8660 7338 6685 96.6 45235 815568
7046 7192 7111 96.6 51878 863672
6540 6866 6430 95.9 58697 763757
6493 6680 6535 95.9 58414 777526
6215 6447 6022 95.9 58922 711306
6667 6557 6012 95.9 60141 708842
6046 6301 5941 97.2 59836 710139
7261 6781 6174 97.2 63833 736323
5918 6350 6162 97.2 59389 739131
6967 6659 6068 97.2 62090 724285
4772 5715 5723 96.3 126344 608664
2565 2565 2786 93.8 317414 31084
11226 6895 5027 96.3 2607 642981
7077 6986 7021 96.3 43440 858286
6375 6681 5719 95.1 44734 680122
6125 6403 6988 95.1 91351 794364
7250 6827 6306 95.1 76210 723021
5827 6327 6065 95.1 86397 682261
6887 6607 6028 95.1 63756 700233
6487 6547 6315 95.1 60360 740049
5972 6259 5849 95.1 63900 677402
5737 5998 5726 95.1 57880 667817
7168 6583 6024 95.1 61129 702375
6003 6293 6031 95.1 93440 670961
7605 6949 6324 95.1 58959 742491
6618 6784 6675 95.1 71678 774369
7633 7208 6641 96.4 76078 777629
5812 6510 6517 96.4 73500 764309
4235 4235 4349 95.1 145791 405416
1561 1561 1733 91.3 295594 -84713
674 674 180 63.0 211252 -196121
263 469 0 63.0 192183 -192183
0 234 0 63.0 192183 -192183
0 117 0 63.0 192183 -192183
0 59 2 63.0 192183 -192022
17 17 0 63.0 181811 -181811
8042 4029 2937 63.0 0 246596
3939 3984 4426 63.0 32675 338915
3892 3938 3720 63.0 42700 269654
4385 4162 4715 63.0 38351 357500
4628 4395 4117 63.0 62891 282763
4380 4387 4163 63.0 36024 313456
4074 4231 4062 63.0 41876 299157
3870 4051 3872 63.0 50975 274133
2669 2669 2755 63.0 63321 167955
2373 2521 2134 68.5 24311 170627
1390 1390 1458 65.1 28173 98469
2998 2194 1420 65.1 14519 108804
5817 4005 3509 65.1 18817 285939
5844 4925 4533 65.1 28547 365093
4100 4512 4653 65.1 29696 374382
3806 4159 4288 65.1 29869 342537
5819 4989 4669 65.1 40715 364729
7370 6179 5648 65.1 67361 423163
6608 6393 6116 65.1 87147 444020
5776 6085 6008 65.1 57129 464628
7365 6725 6421 65.1 70045 487561
7304 7015 6722 65.1 58478 525260
7038 7027 6621 65.1 48217 526816
7131 7079 6817 65.1 48138 543867
6886 6982 6690 65.1 73137 507844
7854 7418 6920 65.1 57536 543450
6277 6847 6674 68.5 52155 557739
9223 8035 7263 87.0 59687 782524
7579 7807 7733 89.4 55714 865529
7821 7814 7248 89.4 59077 804473
7614 7714 7583 89.4 69407 833968
7780 7747 7279 89.4 66327 800820
7304 7525 7191 91.3 63975 811410
7127 7326 6935 91.3 68687 775460
5711 6519 6318 91.3 98712 670312
7842 7180 6508 91.3 37864 754283
5423 6302 6225 91.3 111458 646346
6351 6326 5688 91.3 70109 622275
6498 6412 6215 93.8 74332 702595
7258 6835 6245 96.6 56847 747052
7278 7057 6740 98.7 60689 826663
6360 6709 6501 98.7 63356 792518
5473 6091 5942 96.6 57418 707539
3167 3167 3521 94.0 210382 230716
5059 4113 3166 94.0 24039 372628
5066 4589 4311 96.6 41746 513275
6481 5535 4554 96.6 81685 504545
4804 5170 5323 96.6 77946 607340
6442 5806 5423 96.6 90766 607351
5450 5628 5685 96.6 91330 640497
5239 5239 4951 94.0 88439 531862
6621 5930 5573 94.0 36834 661405
6223 6076 5836 94.0 47670 683554
6164 6120 5758 94.0 56533 664857
6609 6365 6158 94.0 35945 735553
6634 6499 6235 94.0 57371 723778
5873 6186 5984 94.0 79219 670583
6432 6309 5986 94.0 62510 687464
6460 6385 6122 94.0 61317 705728
4557 5471 5343 93.5 167691 498603
7484 6477 5854 93.5 66952 663049
6212 6345 6265 93.5 59119 722195
4600 4600 4518 91.9 98151 455316
3161 3161 3217 87.8 180425 196069
2212 2212 2047 73.1 106484 92966
1293 1293 915 69.8 25495 59680
2348 1821 1207 69.8 3139 109291
3465 2643 2269 69.8 9426 201925
2065 2354 2243 69.8 36310 172583
2202 2278 2228 69.8 153888 53644
1471 1875 2014 69.8 177689 9895
13 13 250 68.2 185987 -163272
10 10 0 62.2 184545 -184545
12 12 0 62.2 183103 -183103
12 12 0 62.2 183103 -183103
13 13 11 62.2 181661 -180711
679 679 519 68.2 73259 -26052
1194 1194 1146 68.2 0 104192
1183 1189 1206 68.2 8665 101008
1521 1355 1378 68.2 10338 114913
2200 1778 1737 68.2 14270 143680
2241 2009 1933 68.2 39739 136020
920 920 1147 61.6 42118 52114
706 706 615 60.1 23420 25851
642 674 673 60.1 6961 47025
669 671 427 60.1 8921 25320
2169 1420 1168 60.1 4824 88798
630 1025 1166 60.1 40342 53129
630 827 750 60.1 93254 53129
630 729 830 60.1 143107 53129
607 668 559 60.1 20867 23917
3242 1955 1569 60.1 2313 123473
1794 1875 1989 60.1 19096 140394
1395 1635 1557 60.1 25571 99229
1293 1464 1634 60.1 15949 115099
818 818 863 49.8 25915 31394
1152 985 759 49.8 2306 48089
1327 1156 1072 49.8 12422 58812
990 1073 939 49.8 7368 54999
646 859 874 49.8 4737 53301
1175 1017 937 49.8 5880 56382
2285 1651 1464 49.8 6285 90943
1180 1415 1451 49.8 9449 86904
1451 1433 1342 49.8 8804 80357
1569 1501 1543 60.4 5610 118610
1628 1564 1443 70.0 9529 125174
2011 1788 1671 70.0 20251 135825
1654 1721 1698 70.0 13597 144993
1727 1724 1638 70.0 19056 133899
1987 1856 1785 70.0 9504 157202
1804 1830 1755 70.0 24508 139388
1982 1906 1794 70.0 9001 158547
2412 2159 2045 79.5 24886 191939
2291 2225 2140 82.0 20454 213552
2681 2453 2313 82.0 28279 224612
2360 2406 2384 82.0 28266 232364
2276 2276 2193 82.0 19463 220339
2285 2280 2193 82.0 29811 210035
1968 1968 1928 89.0 31140 197550
1962 1962 1794 89.0 21979 190862
1826 1826 1769 91.3 29740 185647
2087 1956 1757 91.3 19463 194466
1532 1532 1562 89.5 39423 146898
1262 1262 1157 89.5 24472 113517
1222 1242 1175 89.5 10127 130016
748 748 727 89.5 46447 40237
816 782 607 89.5 5520 66929
1239 1010 928 89.5 8851 101900
1713 1362 1172 89.5 18216 121603
1456 1409 1392 89.5 24396 141644
2304 1856 1727 89.5 11029 195085
6655 4256 3737 89.5 182838 263070
11 11 1237 86.6 432956 -290143
11 11 0 79.1 432956 -290143
1205 1205 1430 79.1 231408 -80613
1861 1861 995 79.1 29420 75529
2921 2391 2251 79.1 7513 229809
3555 2973 3010 79.1 21673 295637
2821 2821 2917 79.1 40886 266640
3087 2954 2853 79.1 48654 252147
2360 2360 2493 79.1 36026 226844
2514 2437 2185 79.1 32433 197898
2644 2541 2444 79.1 27876 229831
2017 2017 1926 79.1 28682 174392
1736 1736 1641 79.1 19304 153741
1645 1690 1603 79.1 38953 130071
1252 1252 1177 76.7 14324 105969
1858 1555 1303 76.7 18718 114482
1741 1648 1595 76.7 22109 140879
1288 1468 1360 76.7 29786 109218
731 731 867 62.7 129642 -57188
0 365 328 52.6 129642 -106650
7 7 0 38.1 128200 -128200
7 7 0 38.1 128200 -128200
7 7 0 38.1 128200 -128200
7 7 0 38.1 128200 -128200
7 7 6 38.1 0 -128200
7 7 6 38.1 2022 -128200
7 7 6 38.1 2022 -128200
7 7 6 38.1 2022 -128200
7 7 6 38.1 2022 -128200
7 7 6 38.1 0 -128200
7 7 6 38.1 2234 -128200
7 7 6 38.1 2234 -128200
7 7 6 38.1 2234 -128200
7 7 6 38.1 2234 -128200
0 3 4 38.1 0 198
586 295 223 51.5 0 15337
8872 4583 3578 53.6 1343 254373
2486 3535 4209 53.6 90855 209971
2585 3060 2828 53.6 105277 96862
2585 2823 3484 53.6 188762 96862
2585 2704 2376 53.6 280795 96862
3538 3121 2789 53.6 13853 185529
3301 3211 3059 53.6 17946 200688
2590 2901 2804 53.6 14957 185481
2575 2738 2666 53.6 35256 155295
2760 2749 2612 53.6 17363 169365
2747 2748 2564 53.6 22172 161066
2754 2751 2588 53.6 21822 163145
1179 1179 1428 51.8 49705 48982
882 882 665 51.8 5628 40313
3403 2142 1783 51.8 5944 117271
2903 2523 2227 51.8 12467 141483
1537 2030 2000 51.8 36269 102004
1923 1976 2044 60.8 21322 144438
2451 2213 2133 71.6 31258 172419
799 799 977 60.8 83062 -3778
1211 1005 699 60.8 0 56668
913 959 1022 60.8 31231 51696
1909 1434 1003 60.8 8599 72725
1011 1223 1311 60.8 10086 96234
2334 1778 1537 60.8 10470 114162
2806 2292 2253 60.8 9042 173736
713 1503 1606 60.8 129056 1182
2441 1972 1764 60.8 0 143059
1872 1922 2015 66.2 102126 75706
4252 3087 2552 66.2 11055 214132
4551 3819 3750 66.2 15798 315099
5226 4522 4245 66.2 50941 323683
4718 4620 4682 66.2 33539 379602
3827 3827 3927 66.2 30459 316132
5593 4710 4328 66.2 49523 332406
6286 5498 5249 66.2 46861 416389
4895 5196 4959 66.2 32692 404935
7078 6137 5773 66.2 42499 466938
7113 6625 6512 66.2 58126 516523
6846 6736 6402 66.2 68094 496884
6257 6496 6423 66.2 77432 489367
5801 6148 5984 66.2 79247 448870
6147 6148 5840 80.2 56819 567965
6848 6498 6098 90.2 84376 649045
7464 6981 6562 90.2 66649 722521
6040 6511 6370 90.2 72426 693699
6363 6437 6148 94.3 77121 696150
8549 7493 7046 94.3 57116 829135
6051 6772 6678 94.3 80293 759586
6854 6813 6367 96.1 83510 732013
5975 6394 6406 96.1 54813 765682
6311 6353 5888 96.1 61952 692285
6613 6483 6184 96.1 56299 735816
6324 6403 6083 96.1 53594 725564
6636 6520 6193 96.1 101294 691985
6496 6508 6271 96.1 71119 732173
5213 5213 5217 96.1 62511 605675
7086 6150 5539 96.1 59221 650218
6268 6209 6088 96.1 72097 707746
6259 6234 5717 96.1 77050 655200
6094 6164 6086 96.1 41906 737704
5509 5837 5652 95.9 65715 656774
6010 5923 5614 95.9 68994 648745
6311 6117 5828 96.1 58122 688455
6161 6139 5843 96.1 90219 658331
6395 6267 5994 96.1 55931 712018
5569 5918 5791 96.1 71373 670488
5624 5771 5510 96.1 59859 646038
5901 5836 5590 96.1 73381 642768
5836 5836 5543 96.1 51817 658368
6707 6272 5901 96.1 81614 674319
7593 6932 6594 98.5 61722 804007
5770 6351 6289 96.3 78329 729064
6482 6417 6124 96.3 75706 710584
5775 6096 6051 96.3 70085 706811
3712 3712 3870 96.1 155930 339899
5154 4433 3790 96.1 29794 455736
5530 4981 4764 96.1 65533 544822
5173 5077 4486 96.3 342757 233097
6585 5831 5573 96.3 14549 700823
5766 5799 5769 96.3 55570 684951
7145 6472 6075 96.3 57025 722821
6686 6579 6522 96.3 59354 777796
4942 4942 5057 94.6 70160 567842
6222 5582 5119 94.6 59046 586752
7294 6438 6157 94.6 64842 711912
6793 6615 6136 96.3 65217 722364
6674 6644 6493 96.3 66111 767371
5990 6317 6282 96.3 68216 738150
5930 6124 5907 96.3 65452 692746
5370 5747 5581 96.3 75211 641230
5852 5800 5459 97.2 48675 658693
5151 5476 5308 97.2 60748 627062
2693 2693 3017 94.3 214659 164519
3775 3234 2633 94.3 30160 300724
3441 3338 3265 94.3 25231 385067
3011 3011 2470 90.6 85812 212529
4334 3673 3441 90.6 16840 398825
4750 4211 4052 90.6 71637 417832
3001 3001 3122 75.6 125757 188939
1553 1553 1713 72.8 98994 67208
2588 2070 1814 72.8 7724 168294
5391 3731 3152 72.8 24065 281854
5262 4497 4124 72.8 85544 314653
4761 4629 4562 72.8 46372 396287
5890 5259 5212 75.6 44108 481254
5368 5314 5306 75.6 81317 453585
2938 2938 3291 72.2 245685 71101
1172 1172 1247 54.9 150267 -58962
1510 1510 1234 54.9 0 90345
10532 6021 4657 54.9 12867 328086
3666 4844 5104 54.9 35586 338113
6733 5788 5094 54.9 51775 321197
3192 3192 4469 54.9 45024 282160
8218 5705 4438 54.9 29121 295779
3523 4614 5244 54.9 25557 358415
5487 5051 4069 54.9 90259 207657
6959 6005 6112 54.9 106514 340996
5652 5828 5554 54.9 215562 191068
4216 5022 4984 54.9 60169 304766
1042 1042 1807 50.6 201269 -79272
929 929 430 50.6 89689 -60649
770 770 837 50.6 0 56504
794 782 89 51.2 7433 -1371
354 568 576 51.2 0 39362
1407 988 819 51.2 3958 51952
778 883 932 51.2 6634 57005
783 833 739 51.2 7197 43273
694 763 812 51.2 7987 47494
395 395 424 49.6 6192 21844
729 562 459 51.1 2458 28821
383 472 499 51.1 4001 30004
204 204 166 47.8 11498 -942
272 238 220 47.8 0 14056
74 74 105 40.3 5531 121
59 59 0 40.3 0 0
80 69 77 40.3 0 4134
241 155 109 40.3 0 5858
74 115 125 40.3 1253 5462
55 85 79 47.8 0 5038
96 91 98 47.8 0 6258
421 256 211 47.8 3868 9589
421 339 325 47.8 13919 9589
28 28 86 40.1 17263 -12683
19 19 4 32.3 15100 -14948
19 19 47 32.3 15100 -14948
0 9 0 22.0 0 0
182 96 74 22.0 0 2163
83 90 98 22.0 0 2885
202 146 123 22.0 0 3597
34 90 117 22.0 1256 2194
44 67 58 22.0 0 1691
99 83 86 32.3 0 3714
273 178 148 32.3 0 6370
203 191 188 32.3 0 8102
82 136 140 32.3 0 6034
49 93 105 32.3 1383 3135
43 68 69 32.3 0 2987
370 219 173 32.3 0 7468
2855 1537 1246 32.3 0 53760
1472 1505 1600 32.3 6203 62817
2079 1792 1616 32.3 6692 63006
2431 2111 2216 32.3 43615 51976
2431 2271 2169 32.3 90889 51976
2711 2491 2399 32.3 7900 95591
4158 3324 3109 32.3 8656 125441
2652 2988 3047 52.4 16603 196348
2738 2863 2721 53.6 18974 175459
2780 2822 2852 53.6 16813 187043
3161 2991 2788 53.6 35233 164012
1105 1105 1408 37.9 62951 8200
1094 1099 807 37.9 0 40750
7597 4348 3704 37.9 6021 181129
6490 5419 5090 37.9 20836 236332
4948 5184 4959 55.3 25509 340483
4977 5081 5336 64.1 40512 415172
5150 5115 5081 64.1 65685 368236
5401 5258 4997 66.1 46157 394069
5040 5149 4964 66.1 40349 396955
5179 5164 4943 66.1 63739 371714
6509 5837 5520 66.1 51960 434334
5500 5668 5539 72.0 57804 473738
5581 5624 5357 72.0 53907 460250
5185 5405 5347 72.0 138724 374443
5770 5588 5288 72.0 295111 212379
5948 5768 5540 76.9 79487 488460
4215 4992 4912 88.9 83811 498390
6082 5537 5153 93.6 63519 579494
5297 5417 5368 93.6 114451 555371
5775 5775 5320 93.6 93269 570504
2874 2874 3420 88.9 272447 132900
3834 3834 3130 88.9 21798 349209
6615 5225 5111 88.9 47280 558428
5543 5384 4773 88.9 41782 523971
5308 5346 5239 88.9 66737 554164
4933 4933 5029 88.9 56706 539314
3136 3136 3317 76.5 241701 96660
5573 4355 3783 76.5 16467 369421
4990 4672 4617 76.5 60202 410741
4252 4462 4004 76.5 52568 355797
3140 3140 3410 78.4 40797 315558
3984 3562 3267 88.9 25124 362194
4264 3913 3795 88.9 28101 421807
5231 4572 4079 88.9 69658 413955
4977 4775 4675 88.9 58953 495346
5148 4962 4777 88.9 71626 494784
5880 5421 5248 88.9 62269 559934
6297 5859 5633 88.9 65885 601960
5900 5879 5706 88.9 64612 611940
6098 5989 5795 88.9 45215 641882
5716 5852 5741 88.9 74207 606453
4808 5330 5207 88.9 84290 533036
3486 3486 3650 77.3 232940 143171
3164 3164 2905 77.3 27965 271372
6069 4617 4184 77.3 21529 409531
6699 5658 5149 77.3 37279 493194
7056 6357 5965 77.3 58592 555973
10722 8539 8090 77.3 55444 778127
6389 7464 7745 77.3 61785 736195
7599 7531 7092 77.3 81757 648980
7975 7753 7855 85.8 64644 834452
7329 7541 7162 85.8 80974 738787
7255 7398 7132 85.8 61075 755250
7846 7622 7345 85.8 443848 396831
1480 1480 2506 77.3 491898 -233680
10767 6124 4278 77.3 0 440797
7992 7058 7508 85.8 32403 827011
7968 7513 5998 85.8 62400 624130
7773 7643 8014 85.8 85679 831584
8039 7841 7647 85.8 80084 795149
7750 7795 7607 91.7 58567 871464
9128 8462 8042 91.7 58374 924857
8253 8357 8185 91.7 82596 918136
5925 7141 7063 87.2 85096 735965
6597 6869 6661 87.2 71610 702711
6297 6583 6437 87.2 74671 673559
8738 7661 7002 87.2 82631 731293
7415 7538 7386 87.2 76335 782261
7405 7471 7105 87.2 71585 754383
8489 7980 7768 87.2 69024 833983
8925 8453 8114 87.2 89931 853323
6867 7660 7556 87.2 97099 781273
8547 8103 7713 91.8 67613 875952
7473 7788 7748 94.2 89138 883922
9747 8768 8117 94.2 111730 907617
8658 8713 8618 94.2 56097 1026158
6653 7683 7512 91.9 83584 837375
7540 7612 7418 91.9 59081 850304
8197 7904 7639 93.9 62476 893646
7132 7518 7228 93.9 62782 841957
7738 7628 7291 93.9 81896 830703
11168 9398 8836 93.9 72782 1033155
7927 8662 8635 93.9 70877 1009902
7750 8206 7865 93.9 54183 930223
9761 8984 8809 95.0 69387 1046048
8040 8512 8330 95.0 78094 976759
6884 7698 7451 94.2 60922 874974
6892 7295 7204 94.2 47884 856985
6688 6992 6769 94.2 90436 759824
7329 7160 6778 94.2 65249 786086
8763 7962 7534 94.2 59895 886381
39 4000 4662 92.1 551035 21340
12 12 328 89.0 566677 -527740
12 12 0 85.5 565235 -565235
12 12 0 85.5 563793 -563793
12 12 0 85.5 562351 -562351
12 12 11 85.5 560909 -559638
11 11 11 85.5 559467 -558210
12 12 11 85.5 558025 -556746
2327 2327 1833 85.5 225540 -16430
14112 8220 7183 85.5 0 819254
7092 7656 7917 85.5 76484 826542
9333 8494 7970 85.5 40485 868609
7037 7766 8601 85.5 58612 922416
8068 7917 7410 85.5 91282 753846
8399 8158 8023 85.5 72700 842340
6438 7298 7099 85.5 60941 748708
7823 7560 7177 85.5 57609 760948
8507 8033 7800 85.5 80006 809663
8708 8371 7943 87.2 64888 858348
9135 8753 8440 87.2 121352 859689
9492 9123 8846 87.2 70205 958003
7901 8512 8392 87.2 74021 901389
6473 7492 7377 85.7 83082 759502
7622 7557 7284 85.7 46425 785535
6229 6893 6758 85.7 51559 720317
7224 7059 6581 85.7 51371 700247
9267 8163 7784 85.7 69790 819251
7441 7802 7614 85.7 56964 812639
9406 8604 8107 85.7 55619 870331
7046 7825 7959 85.7 65960 843083
8788 8306 7777 85.7 58141 830125
6780 7543 7638 85.7 59723 812666
10524 9033 8281 85.7 50746 895080
10628 9831 9663 90.8 119114 1050652
11961 10896 10263 91.9 632718 625341
231 231 2281 91.9 1070893 -791305
1326 1326 129 90.8 896322 -880710
1285 1285 2341 90.8 752609 -469231
1045 1045 0 86.2 620184 -620184
1442 1442 1450 86.2 435364 -268752
915 915 1017 62.6 324989 -240066
892 892 758 62.6 210151 -146850
779 779 857 62.6 113484 -41916
681 681 596 62.6 32458 17309
360 360 397 60.2 2467 29402
17296 8828 7053 60.2 3121 562925
534 534 2913 56.8 338815 -118276
616 575 0 42.1 289117 -289117
11 11 1786 42.1 287675 -187324
11 11 0 18.5 287675 -287675
0 6 46