0 0 0 0.0 15301 -15301
0 0 0 0.0 5806 -5806
0 0 0 0.0 5806 -5806
0 0 0 0.0 5806 -5806
0 0 0 0.0 5806 -5806
1412 706 706 0.0 0 0
0 353 353 5.0 2401 -47
0 177 177 10.0 0 2353
1062 619 619 15.0 0 12381
1062 840 840 20.0 11103 11307
2891 1866 1866 25.0 0 62189
1106 1486 1486 30.0 35244 24197
1759 1622 1622 35.0 3103 72604
3220 2421 2421 40.0 69049 60074
705 1563 1563 45.0 66009 27785
289 926 1242 50.0 72297 10524
258 592 0 47.9 83121 -83121
211 211 0 47.9 67306 -67306
2024 1118 1500 47.9 0 95800
0 559 541 39.3 88144 -59782
810 684 886 40.4 85988 -38310
0 342 105 37.8 0 5285
827 585 580 37.9 1496 27853
827 706 599 38.1 30927 27853
423 564 603 38.2 9107 21597
1474 1019 832 38.4 23040 19480
1474 1247 1113 38.5 40524 19480
1474 1361 1329 38.6 58724 19480
1474 1418 1281 39.5 76931 19480
85 85 170 37.5 48933 -40436
54 54 5 33.4 42130 -41910
54 54 29 34.0 42130 -41910
54 54 404 34.5 42130 -41910
448 251 217 35.1 0 10125
391 321 285 35.6 0 13550
0 161 161 36.2 13433 -5688
0 80 33 36.7 13433 -5688
7949 4015 3091 38.5 1170 157458
6 6 2032 36.7 136643 -37185
6 6 1752 29.3 136643 -37185
0 3 162 6.0 136643 -135343
34 34 516 6.0 61038 -56904
246 246 94 6.0 31315 -30564
61 61 74 6.0 27025 -26434
0 31 54 6.0 27025 -26593
0 15 28 6.0 27025 -26796
0 8 32 6.0 27025 -26796
0 4 11 6.0 0 -26796
0 2 5 6.0 2200 -26796
0 1 3 6.0 2200 -26796
0 0 1 6.0 2200 -26796
0 0 1 6.0 29225 -29219
0 0 0 6.0 29225 -29219
0 0 0 6.0 29225 -29219
12 12 4 6.0 20687 -20653
0 6 4 6.0 0 34
0 3 4 6.0 2208 -2179
23 23 10 6.0 0 77
588 305 113 6.0 0 903
158 232 143 10.7 0 2048
354 293 186 10.7 0 2653
42 167 154 10.7 0 2198
74 121 143 10.7 0 2039
0 60 92 10.7 1874 -552
0 30 66 10.7 0 946
57 44 46 10.7 0 656
54 49 41 10.7 0 588
79 64 43 10.7 0 617
119 92 54 17.2 0 1241
843 467 195 17.7 0 4620
299 383 243 17.7 0 5759
863 623 362 17.7 0 8558
0 311 299 17.7 9000 -1921
0 156 239 17.7 0 5653
0 78 141 17.7 0 3347
559 319 208 17.7 0 4925
0 159 159 17.7 0 3752
0 80 112 17.7 0 3752
0 40 63 17.7 2324 -828
0 20 55 17.7 0 1299
584 302 132 30.1 0 5302
848 575 276 32.5 0 11958
719 647 387 32.7 2087 14760
1956 1301 696 35.4 1093 31737
14622 7962 5127 35.4 5339 236425
1547 1547 3066 32.7 60032 73549
1390 1468 2682 32.7 8365 108501
1110 1289 1583 32.7 24106 44857
751 1020 1453 32.7 21137 42181
580 580 614 32.7 6574 20196
3654 2117 1028 32.7 2218 42554
360 1238 940 32.7 9893 31071
294 294 643 32.5 3700 24147
11948 6121 2185 32.5 2085 92546
1684 3903 2566 32.5 11772 99350
1714 2808 3115 32.5 10443 124470
1394 2101 2318 32.5 24019 76364
1410 1756 1937 32.5 8725 75151
1771 1763 1577 32.5 8495 59814
1768 1766 1454 32.5 8471 54503
849 1307 1235 32.5 19522 33945
307 807 953 32.5 34185 7105
185 185 549 31.5 11578 11466
196 190 346 31.5 1047 13470
8350 4270 1739 31.5 3830 69154
381 381 873 31.2 29176 7110
267 267 982 30.5 0 39997
420 344 490 30.5 4809 15146
1094 719 641 30.5 1218 24889
4263 2491 1031 30.5 2924 39045
1536 2014 1171 30.5 5015 42670
1367 1690 1321 30.5 18837 34968
1296 1493 1265 30.5 9133 42395
10358 5926 3013 30.5 50069 72608
10358 8142 5164 30.5 122146 72608
10 10 1842 29.7 188329 -115366
0 5 2564 21.6 187443 -113489
17 17 1677 17.5 185113 -145981
11 11 1093 0.7 183732 -182745
11 11 9 0.7 183732 -182745
11 11 8 0.7 183732 -182745
11 11 9 0.7 183732 -182745
11 11 8 0.7 0 -182745
11 11 8 0.7 186035 -186027
11 11 8 0.7 186035 -186027
11 11 8 0.7 186035 -186027
11 11 8 0.7 186035 -186027
11 11 8 0.7 0 -186027
11 11 8 0.7 2236 -186027
1216 613 271 0.7 0 244
415 514 236 0.7 0 212
0 257 212 0.7 0 191
0 128 172 0.7 0 154
0 64 154 0.7 0 139
877 471 288 0.7 0 260
788 629 322 0.7 0 290
0 315 231 0.7 0 208
501 408 309 0.7 0 278
388 398 306 0.7 0 276
388 393 315 0.7 2244 276
0 197 203 0.7 0 183
0 98 165 0.7 0 148
1292 695 395 0.7 0 356
0 348 224 0.7 0 201
582 465 335 0.7 0 302
296 380 273 0.9 0 345
202 291 287 33.8 0 12927
4901 2596 1256 47.3 2169 77147
2090 2343 1183 59.5 13471 80396
1648 1996 1372 62.3 58026 55884
1532 1764 1348 62.3 8097 103831
1424 1594 1428 62.3 26239 92317
1295 1444 1280 62.3 22914 83330
1567 1506 1237 62.3 21404 81327
1398 1452 1162 62.3 17257 79261
1164 1308 1082 62.3 10416 79440
1429 1369 1091 62.3 8343 82228
1371 1370 1076 62.3 9054 80295
866 1118 958 62.3 17869 61662
310 310 570 59.5 42938 2272
262 262 500 48.2 11228 20928
51 51 265 45.1 22913 -6957
183 117 216 43.4 15493 -2979
0 58 80 42.9 15493 -10933
0 29 59 36.2 15493 -10933
27 27 33 36.2 4740 -3156
27 27 31 36.2 4740 -3156
0 14 18 36.2 0 859
603 308 149 36.2 0 7215
0 154 82 36.2 6787 -2832
848 501 281 36.2 0 13577
4678 2589 1242 36.2 2284 57753
2367 2478 1316 36.2 20238 43387
2782 2630 1734 36.2 63422 20381
2782 2706 1914 36.2 82505 20381
130 130 840 31.8 66645 -31019
130 130 781 25.9 66645 -39689
3795 1962 1320 25.9 0 45562
168 168 380 15.2 27478 -19794
276 276 471 15.2 0 9523
1081 678 418 15.2 1232 7220
310 494 473 15.2 0 9555
758 626 438 15.2 0 8861
2369 1497 846 15.2 2064 15051
2948 2222 1266 15.2 2051 23553
2514 2368 1491 15.2 4283 25866
372 1370 1159 15.2 7206 16224
114 114 645 12.5 11546 -813
153 134 549 12.5 0 9134
252 193 362 12.5 1099 4919
1683 938 617 12.5 0 10266
1703 1321 700 15.2 0 14144
1804 1562 946 15.2 1020 18116
2696 2129 1321 15.2 1377 25327
3256 2693 1744 15.2 3858 31404
2947 2820 1965 15.2 5115 34616
3037 2928 2168 15.2 5286 38543
4410 3669 2677 15.2 5264 48856
1495 2582 2192 15.2 10716 33595
3229 2906 2499 15.2 3600 46926
2371 2639 2214 15.2 4965 39811
1067 1853 1891 15.2 3685 34542
2284 2068 1853 15.2 5649 31811
1183 1625 1515 15.2 6488 24147
2888 2257 1843 15.2 3129 34130
4334 3296 2273 20.2 3892 57289
1223 2259 1870 33.7 10780 73234
695 1477 1579 33.7 13684 57270
1141 1309 1382 68.8 7878 118855
1447 1378 1370 74.6 10881 125390
1115 1115 1081 74.6 19250 88293
782 782 831 68.6 21079 54910
449 449 589 52.1 23281 17678
99 99 344 33.7 29416 -13957
119 119 261 33.1 23487 -11960
208 163 188 33.1 3675 4610
208 185 165 33.1 8023 4610
265 225 160 35.1 0 7495
488 356 236 52.1 0 16428
2176 1266 729 61.7 1361 58606
1147 1207 738 61.7 6918 53794
1229 1218 903 61.7 11178 63147
1046 1132 877 61.7 10415 61703
1346 1239 1021 61.7 9740 74254
1193 1216 991 61.7 10850 70717
781 998 893 61.7 11887 61615
1380 1189 982 61.7 12931 67834
917 1053 886 61.7 11272 61636
965 1009 887 61.7 11261 61721
1091 1050 868 61.7 7509 63909
1096 1073 890 61.7 8590 64655
1226 1149 925 61.7 24117 51996
632 632 651 61.7 8178 45408
1493 1062 889 61.7 5492 67629
712 887 720 61.7 15674 43542
1120 1004 850 61.7 7049 62864
1642 1323 950 61.7 37506 40676
1145 1234 969 61.7 7210 72483
1261 1247 1014 61.7 11625 71809
1068 1158 969 61.7 9740 70002
1351 1254 1052 61.7 18685 67841
899 1077 936 61.7 47051 29922
134 605 697 64.5 53823 6064
464 464 575 66.4 0 50876
1263 864 712 68.1 8425 56220
1482 1173 835 95.8 18718 87959
455 814 668 94.6 62142 22109
1081 948 779 94.6 2225 96040
1145 1046 819 94.6 25438 77816
698 698 681 83.5 19485 56348
706 702 661 83.5 11375 62244
950 826 683 83.5 21977 54084
560 693 619 83.5 12891 56002
870 781 651 83.5 9445 62998
622 702 590 83.5 12818 52874
1005 853 695 83.5 22691 54612
612 612 544 83.5 16829 43709
466 466 494 83.5 6727 48297
733 599 517 83.5 9837 47700
541 570 489 83.5 10870 43604
602 586 494 83.5 27188 27783
1135 861 624 83.5 4193 65232
814 837 632 85.6 20354 51753
1052 945 733 85.6 6921 76774
1061 1003 770 85.6 14094 73723
749 876 748 85.6 11097 74269
1125 1000 822 85.6 8276 85556
909 955 791 85.6 12119 78097
867 911 791 85.6 17874 72429
1253 1082 864 85.6 6908 91732
1264 1173 921 85.6 9487 95617
1461 1317 1025 85.6 15564 101398
841 1079 915 87.9 36304 70926
936 936 877 96.5 7173 105759
1595 1265 1023 96.5 23562 108113
1648 1457 1119 96.5 11728 132253
1282 1369 1106 100.1 18907 128623
1230 1230 1056 100.1 15502 125235
1582 1406 1171 100.1 12430 143646
1299 1352 1139 102.2 27915 124010
1391 1391 1179 102.2 10070 147122
1537 1464 1200 102.2 18232 141829
1372 1372 1177 105.0 22484 134390
1460 1416 1207 105.0 22014 138969
1028 1028 989 100.9 32025 99794
1732 1380 1185 100.9 6682 151275
1482 1431 1145 105.0 27387 125248
1170 1170 1063 105.0 9201 132532
1097 1097 995 103.1 39095 93606
737 737 791 102.3 17107 88322
1174 955 889 102.3 9096 109415
1331 1143 904 102.3 14684 105899
939 1041 877 102.3 28666 88215
668 668 673 100.5 94320 -4541
160 160 400 84.3 47293 -2307
144 144 334 76.0 27704 6146
181 163 238 71.5 34042 -11386
181 172 192 69.8 34042 -11386
0 86 97 48.2 0 6224
1823 954 563 48.2 0 36206
435 695 428 48.2 16169 11344
888 791 624 48.2 1111 39018
329 560 465 48.2 31713 -1777
105 105 315 43.8 2076 16328
104 105 241 35.8 8927 2560
1363 734 508 35.8 0 24233
0 367 290 35.8 22601 -8778
0 183 245 35.8 22601 -8778
0 92 141 35.8 22601 -8778
229 160 202 35.8 0 9642
1516 838 512 35.8 0 24419
2834 1836 1058 35.8 2718 47767
307 1072 769 35.8 23731 12951
304 688 738 35.8 4293 30909
835 762 731 35.8 31513 3352
835 798 776 35.8 34881 3352
725 762 682 35.8 0 32542
6952 3857 2334 35.8 13321 98059
1477 2667 1747 35.8 66783 16578
1532 2099 1957 35.8 11283 82075
1554 1827 1641 35.8 7405 70881
1845 1836 1862 35.8 5777 83076
1763 1799 1656 35.8 55723 23293
1364 1582 1471 35.8 2175 68012
1328 1455 1362 37.3 14325 53403
1083 1269 1221 44.0 5459 66146
638 953 1014 44.0 8787 50657
2155 1554 1281 44.0 19974 55176
1213 1383 1130 60.7 8128 83363
1288 1336 1176 60.7 8286 86969
1350 1343 1129 60.7 13984 77418
895 1119 1060 60.7 12452 73376
617 868 899 60.7 30814 41993
423 423 606 61.7 19276 30586
1084 754 733 71.4 5499 64228
1181 967 753 71.4 6703 64926
929 948 767 76.6 16258 62107
1416 1182 889 81.5 6828 89827
877 1029 848 88.7 13823 86391
1249 1139 968 88.7 12964 101457
1317 1228 996 88.7 20779 96984
952 1090 963 88.7 52782 61129
407 407 585 81.5 36501 27102
445 445 582 77.9 11025 49460
285 285 387 73.3 20555 17259
154 220 326 56.1 31778 -7403
124 172 199 52.4 10805 3077
392 282 248 52.4 0 17343
9015 4649 2628 52.4 4145 179441
1105 2877 1744 52.4 57533 64311
967 1922 1918 52.4 5095 128873
905 1414 1410 52.4 39197 59257
1153 1283 1624 52.4 7141 106256
1272 1278 1312 52.4 17468 74168
568 923 977 52.4 39125 29099
910 916 908 52.4 6721 56695
1126 1021 895 52.4 9422 53124
1036 1029 893 52.4 9369 53028
1489 1259 1000 52.4 6913 62964
1089 1174 961 52.4 7272 59826
1532 1353 1108 52.4 9592 67787
579 579 672 51.9 17658 28862
2246 1413 1171 51.9 3933 77160
1305 1359 1031 52.7 7751 64690
1432 1396 1187 52.7 8071 75366
1206 1301 1061 52.7 9698 64880
974 1138 1064 52.7 9190 65592
1462 1300 1131 52.7 16271 63214
983 1141 1023 52.7 7644 64221
1295 1218 1074 52.7 7030 68480
1058 1138 992 52.7 12904 56832
1094 1116 1005 52.7 7420 63220
789 953 886 56.4 9857 56791
981 967 893 56.4 6347 60873
789 878 809 69.0 12802 61602
398 398 536 68.6 22499 26531
1305 851 746 73.4 2796 70153
643 747 621 73.4 7061 53682
560 560 567 73.4 4524 50955
227 227 319 68.5 26773 2373
221 221 325 67.5 0 29290
405 313 308 67.5 8372 19329
227 270 258 67.5 15036 8145
253 262 230 67.5 0 20736
1170 716 477 67.5 5028 37870
671 693 482 67.5 4458 38930
534 614 505 67.5 7021 38446
221 221 291 51.9 16917 3229
269 269 345 51.9 8667 15208
120 195 238 51.9 18280 -1814
0 97 172 48.7 0 11187
0 49 90 43.6 0 5222
1963 1006 608 43.6 0 35310
2949 1977 1155 43.6 5168 61935
1521 1749 1191 43.6 12025 57153
1262 1506 1220 43.6 6189 64675
1235 1370 1227 43.6 7397 63863
1861 1616 1425 43.6 10069 72662
1493 1554 1345 43.6 7740 70367
1529 1542 1347 43.6 11411 66827
1417 1479 1293 43.6 6750 68371
1425 1452 1300 43.6 9757 65762
1345 1399 1253 43.6 9720 63070
1647 1523 1316 43.6 8579 67853
1056 1289 1171 43.6 36888 31142
1459 1374 1230 43.6 2078 69377
1039 1207 1098 43.6 37779 25980
1039 1123 1069 43.6 62632 25980
2360 1742 1367 43.6 5007 74400
837 1289 1118 55.2 10257 71973
1775 1532 1324 55.2 9074 88331
1310 1421 1200 55.2 15888 72386
1164 1293 1222 55.2 10172 79697
1273 1283 1152 55.2 37897 46843
1263 1273 1150 55.2 19074 65522
1410 1342 1173 55.2 9575 76683
1603 1472 1233 55.2 12906 77781
1345 1408 1210 88.9 9927 133469
1521 1465 1262 90.5 88333 64002
0 732 850 90.7 107344 -4588
413 413 674 90.7 2399 79042
1199 806 766 97.6 27104 72622
1501 1153 911 97.6 37946 80598
753 953 780 97.6 20680 80840
778 778 706 97.6 39270 52591
1431 1104 906 97.6 31837 86087
1499 1302 1031 97.6 56132 78020
1499 1400 1118 97.6 131629 78020
1499 1450 1168 97.6 207256 78020
1499 1474 1241 97.6 281404 78020
1846 1660 1380 97.6 280736 -101225
0 830 928 90.9 196074 -83577
0 415 709 60.0 196074 -83577
0 208 456 57.1 196074 -83577
1125 666 648 57.1 0 49289
2804 1735 1133 57.1 4144 82045
1683 1709 1162 57.1 11643 76754
1277 1493 1194 57.1 8350 82491
957 1225 1108 57.1 18655 65635
968 1097 1116 57.1 12990 71904
462 462 700 48.2 22888 22062
163 163 464 44.4 20920 6564
286 286 397 44.4 0 23481
79 79 207 40.2 15415 -4330
111 111 164 40.2 820 7980
1553 832 514 40.2 0 27566
0 416 305 40.2 25957 -9617
18 18 160 28.7 23606 -17496
147 147 178 28.7 0 6817
1594 871 604 28.7 0 23076
269 570 411 28.7 6669 9035
252 411 387 28.7 0 14801
816 613 482 28.7 10581 7850
48 48 211 23.0 8939 -2471
174 111 232 23.0 0 7115
163 137 146 23.0 0 4458
53 95 143 23.0 0 4379
162 128 104 23.0 0 3194
30 79 78 23.0 0 2380
21 21 51 23.0 0 1551
21 21 38 23.0 2138 -978
27 24 33 23.0 0 1017
0 12 20 23.0 2261 -1654
0 6 10 23.0 0 312
0 3 7 23.0 2346 312
0 2 5 22.8 2346 -2200
0 1 2 19.5 0 62
0 0 1 15.8 1838 -1812
0 0 1 15.8 1838 -1812
0 0 0 15.8 0 6
415 207 119 15.8 0 2500
415 311 182 15.8 0 3828
315 313 217 15.8 0 4580
399 356 262 15.8 0 5529
435 395 311 15.8 0 6552
268 332 294 15.8 0 6187
197 264 261 15.8 6349 -847
1486 875 605 15.8 0 12749
674 775 551 15.8 1194 10419
633 704 597 15.8 0 12581
649 676 569 15.8 1440 10547
216 446 490 15.8 0 10339
1363 905 732 15.8 1351 14082
863 884 684 15.8 2313 12110
5737 3310 2143 15.8 1160 44008
1033 2172 1522 15.8 8122 23959
311 1241 1389 15.8 3314 25974
7454 4348 3019 15.8 3971 59680
3006 3677 2794 15.8 31542 27351
1065 2371 2449 15.8 19753 31874
3328 2850 2527 15.8 18550 34731
3017 2934 2668 15.8 39979 16268
3017 2975 2701 15.8 54779 16268
3017 2996 2601 15.8 70791 16268
3017 3007 2672 15.8 86505 16268
3017 3012 2693 15.8 102726 16268
3017 3015 2705 72.2 118598 16268
3017 3016 2713 81.3 133732 16268
359 1688 1936 81.3 57413 152307
1246 1246 1655 81.3 68170 111088
1222 1222 1385 78.0 15055 128960
1258 1258 1307 78.0 25073 110872
1370 1314 1193 78.0 12435 111597
1344 1329 1163 78.0 19373 101564
1084 1207 1101 78.0 17419 97029
1127 1167 1083 78.0 15443 97185
1178 1172 1069 78.0 22045 89171
1273 1223 1092 78.0 10596 102953
848 848 862 77.3 25634 63195
872 860 870 77.3 21891 67693
3426 2143 1548 77.3 55354 104103
408 408 564 72.9 102412 -47561
1219 814 971 72.9 0 94375
845 829 681 72.9 14960 51214
976 903 912 72.9 8650 79972
971 937 759 72.9 33968 39864
871 904 797 72.9 5226 72293
1076 990 855 72.9 11572 71567
821 906 810 72.9 17178 61593
757 831 785 72.9 10069 66255
1098 965 843 72.9 9542 72401
930 948 829 72.9 13102 67546
861 904 819 72.9 5451 74189
733 819 760 72.9 12415 61485
545 545 607 71.0 11111 46366
853 699 673 71.0 8375 55327
533 533 524 71.0 9623 39991
698 616 584 71.0 29755 25573
700 658 553 73.7 6609 47706
353 506 495 77.3 20156 30862
500 503 483 79.1 3365 47539
508 505 465 79.1 9846 39205
478 492 459 79.1 4129 44323
643 567 487 79.1 17356 34018
565 566 485 79.1 5628 45521
425 496 458 79.1 10927 37429
1204 850 660 79.1 5302 64353
422 422 415 77.0 18511 24146
922 672 616 78.5 9839 54613
691 681 544 78.5 9500 47448
1405 1043 830 78.5 3772 83086
1000 1022 784 84.8 10893 77821
1063 1042 889 84.8 7017 93522
1137 1090 919 90.2 16869 93668
1092 1091 962 90.2 24334 91395
1158 1125 988 90.2 9826 109052
1282 1203 1037 90.2 18627 106164
1172 1188 1041 90.2 16865 108394
1168 1178 1051 90.2 10150 116232
947 1062 986 90.2 40143 78436
1208 1135 1032 90.2 10271 113862
1460 1297 1104 90.2 19129 113700
1049 1049 975 90.2 19866 97430
785 785 837 80.4 14411 75237
1104 944 888 90.3 19312 87658
1456 1200 1003 90.3 18235 102646
1169 1185 999 94.7 13185 112963
1157 1171 1013 94.7 41759 86100
1204 1187 1040 94.7 11156 120113
1161 1174 1057 100.5 16922 123973
1119 1119 1026 100.5 13707 123091
1158 1158 1044 100.5 14893 124286
1338 1248 1088 100.5 18617 126479
1055 1055 984 96.8 18720 108216
1306 1180 1064 96.8 15765 121531
1143 1162 1026 96.8 38209 94114
1009 1085 1011 96.8 11204 119253
752 752 796 96.8 39573 63076
1071 912 880 96.8 10620 102954
945 928 828 96.8 46870 60022
982 955 861 96.8 26401 84687
965 960 835 96.8 69233 38475
826 893 818 96.8 3359 102222
1371 1132 958 96.8 13267 110364
1327 1230 1010 96.8 8239 122042
1388 1309 1101 96.8 20544 121562
1262 1286 1104 96.8 22150 120287
1308 1297 1152 96.8 83640 64953
1775 1536 1298 96.8 29084 138355
1105 1320 1188 96.8 96476 56797
1168 1244 1182 96.8 9581 142898
1021 1021 1016 94.2 37510 90098
786 786 883 85.8 38061 63028
820 820 834 92.2 78605 23895
374 374 522 85.5 10123 49346
633 504 568 85.5 16632 48072
357 357 378 77.0 18304 20560
303 303 366 77.0 3065 34526
320 320 303 77.0 35669 -4601
1740 1030 715 77.0 0 73414
1506 1268 854 77.0 8019 79633
1117 1192 940 77.0 10911 85661
1294 1243 1024 77.0 14565 90628
1442 1343 1147 77.0 12454 105343
1348 1346 1184 77.0 19406 102188
1361 1353 1200 77.0 15872 107381
920 920 956 76.4 27264 70082
1215 1067 1045 77.2 7710 99879
1176 1122 1000 77.2 16269 86686
955 955 926 77.2 14565 80790
1116 1035 937 77.2 18104 78344
1019 1027 919 77.2 10622 83993
1172 1100 979 77.2 8515 92306
1365 1232 1040 77.2 13101 94009
1133 1183 1036 77.2 13043 93618
1016 1100 1011 77.2 16675 87466
1092 1096 1008 77.2 16589 87184
921 1008 955 77.2 16732 81588
1029 1019 952 77.2 43859 54197
990 1004 919 77.2 10068 84580
1008 1006 920 77.2 66371 28392
243 243 465 75.3 8147 38510
1872 1058 924 75.3 6574 86115
2712 1885 1278 75.3 83024 45244
1173 1529 1227 79.8 46008 84639
1173 1351 1203 79.8 125084 84639
1173 1262 1180 86.7 207195 84639
1173 1217 1201 94.7 289166 84639
64 64 470 93.6 261214 -202523
1752 1752 1400 93.6 85118 89668
1373 1373 992 93.6 24520 99320
1701 1537 1369 93.6 13991 156860
1423 1423 1144 93.6 22389 120396
1254 1338 1293 93.6 19554 141904
1067 1067 1076 81.9 28951 88541
831 831 933 77.2 7589 88408
1230 1031 980 81.9 9894 97173
1167 1099 968 81.9 15545 90184
1202 1150 1004 81.9 11260 98386
1113 1131 985 81.9 33905 73748
1395 1263 1093 81.9 13305 106092
1350 1307 1126 81.9 17694 105308
1232 1269 1135 81.9 13600 110358
1167 1218 1113 81.9 21553 99995
1140 1179 1096 81.9 19823 99966
696 696 810 75.9 38903 43029
1121 908 910 75.9 6853 85169
1232 1070 914 75.9 25958 66499
1104 1087 955 75.9 24347 72197
959 1023 901 75.9 30234 60869
743 743 765 75.9 8357 69033
1166 955 887 81.9 9998 86885
1433 1194 980 81.9 71898 35130
1334 1264 1053 81.9 14547 100520
1314 1289 1088 81.9 47298 71553
1066 1178 1063 81.9 7893 108275
1082 1130 1064 81.9 26878 89388
1109 1120 1044 81.9 14316 99798
1114 1117 1035 82.5 101221 12578
1591 1354 1158 82.5 1187 126173
1164 1259 1103 82.5 25095 96224
1150 1205 1112 82.5 51394 70872
1075 1140 1059 82.5 11280 105230
902 902 933 82.5 21285 81341
1083 993 958 84.8 10103 98230
1316 1154 1003 100.8 15063 118695
1192 1192 1035 100.8 12781 125165
1188 1188 1039 100.8 19087 119508
1131 1131 1026 100.8 75056 61698
496 496 673 84.8 10813 65281
1484 990 938 84.8 7708 98412
1430 1210 959 84.8 16600 91933
1507 1359 1125 84.8 40397 86839
1724 1541 1216 84.8 18428 119121
1613 1577 1325 84.8 21402 128539
1400 1489 1335 100.8 22502 155455
1296 1296 1246 95.9 43440 115983
1360 1328 1264 95.9 12040 149670
1193 1260 1193 95.9 55785 96782
1252 1252 1180 95.9 11619 139276
1521 1387 1226 99.4 22207 140272
1279 1279 1167 99.4 23498 131245
1396 1338 1216 99.4 31487 129749
952 952 975 95.9 32034 92688
705 705 846 84.4 42285 52908
502 502 640 77.7 28624 37668
333 333 492 71.0 25830 20732
224 224 342 58.6 11600 15093
227 227 281 58.6 1249 20680
204 216 230 58.6 2558 15406
822 519 387 58.6 1386 28869
3569 2044 1270 58.6 3443 95806
1729 1886 1271 58.6 19470 79835
1322 1604 1385 58.6 10515 97718
1057 1331 1244 58.6 23845 73361
626 626 930 51.9 6451 57921
882 754 919 51.9 7880 55723
989 872 830 51.9 9495 47925
783 827 791 51.9 8856 45894
743 785 713 58.6 11019 44702
684 735 690 58.6 7707 46196
425 425 511 58.6 6415 33509
449 449 504 58.6 30098 9293
831 640 555 58.6 0 43408
454 547 500 58.6 8473 30613
299 423 427 58.6 10932 22443
881 652 547 58.6 3930 38814
584 618 529 58.6 10343 30980
614 616 557 58.6 17477 26034
862 739 612 58.6 29652 18206
502 620 569 58.6 28513 15969
502 561 550 58.6 44380 15969
2250 1405 1025 58.6 54421 25682
2250 1827 1294 58.6 79003 25682
9 9 372 51.9 102751 -76989
9 9 419 49.8 102751 -74914
9 9 182 41.2 102751 -74914
15 15 207 7.6 99326 -97220
15 15 12 6.7 99326 -97220
15 15 13 6.7 99326 -97220
15 15 13 6.7 99326 -97220
15 15 14 6.7 0 -97220
15 15 14 6.7 2199 -97220
15 15 14 6.7 2199 -97220
15 15 14 6.7 2199 -97220
15 15 14 6.7 2199 -97220
15 15 14 6.7 0 -97220
15 15 14 6.7 2221 -97220
14 14 13 6.7 100791 -100676
13 13 12 6.7 100791 -100680
0 6 8 6.7 100791 -100716
0 3 6 6.7 100791 -100736
5 5 6 6.7 99264 -99212
11 11 9 6.7 98137 -98059
0 6 5 6.7 98137 -98091
98 98 60 6.7 53259 -52718
464 464 277 6.7 2155 322
0 232 165 6.7 0 1474
1302 767 542 6.7 0 4853
2784 1775 1120 6.7 0 10031
2112 1944 1376 6.7 1790 10529
461 1203 1104 6.7 0 9886
6917 4060 2888 6.7 0 25864
6917 5489 3816 6.7 3202 30972
6748 6118 4847 8.1 5211 47091
2778 4448 4026 35.8 6355 185573
1193 1193 2268 37.9 58808 55800
1129 1161 2085 49.9 6089 132758
1283 1222 1624 52.1 18035 94798
1056 1139 1381 52.1 12316 83608
1382 1260 1127 52.1 50250 28006
443 443 587 50.0 6207 32923
2525 1484 1275 50.0 2209 82776
1318 1401 1084 50.0 15205 57057
1144 1272 1188 50.0 9409 69754
570 921 862 50.0 28862 28574
212 212 495 39.2 10682 15212
590 401 547 39.2 2023 26607
5108 2755 1924 39.2 4575 96064
682 1718 1259 39.2 57154 8697
231 231 621 37.9 19545 11858
390 310 524 38.3 0 26771
213 262 498 38.3 8986 16463
541 401 490 38.3 2060 22993
5413 2907 1919 38.3 3121 94923
538 538 433 29.5 34928 -17904
749 643 914 29.5 0 35910
1141 892 677 29.5 5780 20826
3030 1961 1664 29.5 7897 57468
1741 1851 1370 29.5 20032 33781
427 427 657 29.5 8566 17254
3505 1966 1639 29.5 1127 63261
1422 1694 1356 29.5 7362 45909
811 1252 1318 29.5 3834 47937
1009 1131 1040 29.5 25834 15030
1280 1206 1186 29.5 8224 38376
816 1011 1012 30.9 5649 35980
3161 2086 1647 30.9 5463 62308
1304 1695 1359 30.9 12170 43722
1358 1526 1438 30.9 9010 50159
1403 1465 1317 30.9 5739 48436
2166 1815 1629 30.9 5592 61428
2282 2049 1722 30.9 7441 63396
1292 1671 1524 30.9 20518 42174
405 1038 1160 30.9 44448 3271
31 31 505 27.7 38892 -20258
70 70 449 27.1 28179 -11984
161 161 296 27.1 7816 2870
216 188 246 27.1 0 8865
0 94 89 27.1 8877 -5665
4444 2269 1463 30.9 0 60192
1415 1842 1192 30.9 6992 42034
1973 1908 1592 30.9 4499 60986
1374 1641 1351 30.9 8359 47218
1611 1626 1590 30.9 6325 59070
1610 1618 1495 35.3 8839 61626
1539 1578 1474 35.3 12012 57462
1990 1784 1574 35.3 7794 66391
1294 1539 1412 35.3 8255 58298
1316 1428 1374 35.3 6688 58035
1526 1477 1362 38.1 6911 62236
1186 1331 1274 38.1 4785 59897
1503 1417 1309 38.1 14654 51793
643 1030 1029 38.1 7352 44894
1298 1164 1131 38.1 6860 50561
1473 1318 1151 38.1 6852 51601
1544 1431 1252 38.1 10320 53277
1392 1412 1224 38.1 22975 39161
1033 1222 1138 38.1 4629 53138
681 952 980 38.1 34955 14835
681 817 876 38.1 47566 14835
126 126 393 33.7 35451 -17824
162 162 369 33.7 15582 999
42 102 191 26.2 0 6675
88 95 175 26.2 0 6126
3615 1855 1202 35.0 0 56035
1345 1600 1049 38.1 7360 45908
851 1226 1087 40.9 5631 53647
1452 1339 1119 40.9 12416 48578
983 1161 1141 48.9 7465 66981
942 1051 1061 48.9 9132 60078
678 864 872 48.9 10372 46527
1120 992 948 48.9 27546 34275
1266 1129 985 48.9 61492 2765
1266 1197 1037 48.9 63849 2765
168 168 386 39.8 0 20501
682 425 572 39.8 12954 17408
2981 1703 1232 39.8 1282 64098
1259 1481 1139 39.8 10494 49988
879 1180 1042 39.8 8422 46905
1236 1208 1055 39.8 8807 47198
920 1064 1056 39.8 19751 36316
1289 1177 1107 39.8 6317 52452
585 881 863 39.8 11299 34501
1163 1022 973 39.8 28431 23247
684 853 803 39.8 2028 40585
765 809 810 39.8 27340 15638
0 404 493 39.8 21386 4804
510 457 535 39.8 0 28383
708 583 530 39.8 3669 24467
2296 1439 1076 39.8 6984 50135
1099 1269 944 48.9 3959 57621
885 1077 967 49.9 2201 62180
1327 1202 1035 76.6 9214 96438
1141 1172 1079 81.3 17467 99473
1156 1164 1075 81.3 9206 107319
499 832 838 79.3 59421 29256
302 302 514 74.6 38061 13075
423 423 534 74.6 0 53103
2452 1437 1091 74.6 4619 103954
1557 1497 1110 74.6 9468 100946
949 1223 1041 74.6 27227 76330
1330 1276 1101 74.6 12440 97133
1102 1189 1115 74.6 21200 89710
1210 1200 1136 74.6 16319 96727
1559 1380 1206 79.3 26541 101063
892 892 903 77.0 17139 75622
1236 1064 1033 77.0 9255 96814
1218 1141 100