3657 1829 1829 1523.9 2142 241678
1525 1525 1525 227.5 69499 133882
1601 1601 1601 87.7 19049 168219
1591 1596 1596 88.3 22386 165536
1717 1657 1657 89.9 19593 179065
1604 1604 1604 90.1 17107 175621
1641 1641 1641 91.5 19488 180643
1588 1588 1588 92.7 19007 177289
1467 1467 1467 90.6 19399 157852
1231 1231 1231 83.9 34962 102746
1487 1359 1359 83.9 11603 140506
1724 1542 1542 84.8 75551 98698
556 556 556 83.5 43053 18825
677 677 677 83.6 6299 69143
1226 952 952 83.6 13846 92271
442 442 355 64.9 43231 -12511
127 127 260 42.3 26606 -11961
206 206 141 43.3 0 8157
873 539 287 44.4 0 16995
8606 4573 5103 45.4 2302 306621
495 495 2055 36.0 215726 -116974
631 631 992 35.7 133962 -86723
990 990 1105 35.8 14966 37718
1209 1099 1732 35.8 22103 60569
1209 1154 835 35.8 78932 60569
1209 1182 952 35.9 135361 60569
0 591 838 35.9 157225 -117095
48 48 583 34.2 134733 -108149
365 365 534 34.7 92281 -67595
288 288 394 35.2 70235 -51730
265 265 267 35.2 69729 -57183
43 43 144 29.3 40208 -34585
645 344 243 29.3 0 9499
574 459 279 29.3 3827 7067
574 516 326 29.3 11088 7067
0 258 272 29.3 6459 4147
0 129 256 29.3 10343 4147
3443 1786 772 29.3 3324 26806
3443 2615 1377 29.3 28008 26806
0 1307 1067 29.3 51114 -9482
169 169 741 16.2 22890 -6919
148 148 887 16.2 8820 10313
148 148 657 16.2 17894 10313
148 148 277 16.2 27841 10313
148 148 128 16.2 37766 10313
148 148 125 16.2 47268 10313
148 148 125 16.2 57211 10313
0 74 92 16.2 57305 -55327
0 37 70 16.2 57305 -55786
0 18 53 16.2 57305 -55786
0 9 36 16.6 57305 -55786
0 5 18 16.2 0 -55786
0 2 9 15.6 59638 -59452
0 1 4 13.0 59638 -59452
11 11 7 13.0 53272 -53149
145 145 68 13.0 40617 -39442
214 214 108 13.0 0 1863
608 411 216 15.6 0 4487
435 423 257 15.6 0 5340
1086 754 455 15.6 0 9464
1321 1038 647 15.6 1180 12255
1155 1096 755 15.6 10170 5515
0 548 559 15.6 0 11613
719 634 643 15.6 2142 11221
7361 3997 2296 15.6 2342 45365
490 2244 1514 15.6 9529 21943
3493 2868 2169 15.6 2215 42854
1202 2035 2140 15.6 6349 38127
1289 1662 2081 15.6 5511 37726
3189 2426 2166 15.6 6503 38519
464 1445 1745 16.3 21929 15955
48 48 779 13.0 23191 -9728
160 104 544 13.0 19652 -10264
263 184 433 13.0 0 7476
1357 770 567 13.0 0 9785
2409 1589 910 13.0 0 15711
1264 1427 974 13.0 1040 15783
2512 1969 1378 13.0 0 23801
2311 2140 1653 13.0 2252 26291
6974 4557 3294 13.0 2334 54565
2059 3308 2939 13.0 5165 45598
508 1908 2131 13.3 11169 26741
649 1278 1662 31.7 2173 68135
788 1033 1442 57.4 10031 100239
927 980 1105 57.4 19126 65394
1711 1346 1176 57.4 8434 81496
1298 1322 1128 57.4 11777 74473
1048 1185 1037 57.4 10303 69059
1227 1206 1054 57.4 2740 77853
1466 1336 1160 57.4 9535 79235
1571 1454 1238 57.4 11802 82933
1290 1372 1197 57.4 4795 86785
1439 1405 1228 57.4 7817 86085
1375 1390 1237 57.4 8394 86258
1417 1404 1254 57.4 10905 85021
1371 1387 1241 57.4 9153 85782
1370 1379 1239 57.4 7192 87578
1452 1415 1261 57.4 7491 89002
1725 1570 1363 57.4 12540 91720
2445 2008 1654 57.4 49254 77242
940 1474 1374 57.4 86026 19096
285 285 617 57.4 41644 5583
434 434 622 61.9 0 51327
638 536 643 64.6 3389 52033
881 708 650 64.6 6432 49573
1566 1137 833 64.6 5756 66074
2147 1642 1216 64.6 4593 100210
1410 1526 1227 64.6 8437 97285
1378 1452 1236 64.6 13469 93087
1856 1654 1424 64.6 9622 113089
1615 1635 1468 64.6 15009 111495
1847 1741 1533 67.4 30047 107734
1675 1708 1526 70.0 68591 73924
1523 1616 1490 84.6 76343 91772
892 1254 1252 86.0 116019 27570
660 660 841 82.8 100008 -7158
678 678 777 79.5 90546 -8120
678 678 722 79.5 90546 -8120
678 678 661 79.5 90546 -8120
678 678 609 79.5 90546 -8120
678 678 611 79.5 0 -8120
588 633 583 79.5 6346 55427
588 611 565 79.5 59542 55427
588 599 554 79.5 113918 55427
0 300 359 68.6 166491 -133654
0 150 234 54.0 166491 -133654
0 75 157 51.7 166491 -133654
6 6 84 40.8 156360 -151775
1035 1035 696 40.8 37459 422
1293 1164 841 40.8 0 45761
2067 1616 1186 40.8 4792 59733
1516 1566 1241 51.7 6703 78804
1443 1505 1319 51.7 11152 79672
1285 1395 1271 51.7 9749 77826
1057 1226 1186 51.7 5879 75849
1481 1354 1246 51.7 7966 77867
1080 1217 1150 51.7 8304 70922
1080 1148 1082 51.7 67962 6589
52 52 339 40.8 28398 -9932
1498 775 721 40.8 0 39220
462 618 626 40.8 4198 29875
5091 2855 2013 40.8 8350 101175
1186 2020 1659 40.8 14919 75302
1380 1700 1421 40.8 7505 69801
1976 1838 1616 40.8 8967 78926
1792 1815 1773 40.8 8975 87462
1596 1706 1603 40.8 7323 79897
1438 1572 1486 40.8 4976 75834
1387 1480 1421 40.8 6238 71083
1542 1511 1422 40.8 4782 72569
1892 1701 1532 40.8 8768 74549
1350 1526 1421 40.8 10802 66478
1702 1614 1457 40.8 8805 70434
1926 1770 1584 40.8 5205 80949
1938 1854 1664 40.8 11080 79460
1754 1804 1634 80.4 10370 164813
1623 1713 1591 95.2 20199 181730
1430 1430 1416 95.6 51107 129318
505 505 778 89.5 90101 2675
633 633 749 85.3 3175 82026
1145 889 896 85.3 25556 76316
809 849 810 85.3 81792 10393
809 829 721 85.3 92317 10393
530 530 552 80.5 46432 12876
530 530 542 80.5 58119 12876
530 530 534 80.5 70800 12876
437 437 452 80.5 1304 47255
453 445 421 80.5 48259 -3042
478 461 432 81.7 0 47040
430 446 417 81.7 36795 8665
104 104 185 80.5 2364 17556
140 140 176 75.3 12665 4983
140 140 177 75.3 17220 4983
0 70 108 70.1 9439 624
1106 588 409 70.1 0 38196
517 552 441 70.1 32821 8409
2638 1595 1120 70.1 0 104609
383 383 474 39.3 52299 -27508
229 229 286 39.3 20836 -5860
348 289 370 39.3 0 19343
4825 2557 1839 39.3 3368 92916
328 328 572 35.5 45588 -18471
361 361 306 35.5 0 14507
2496 1428 1210 35.5 0 57315
420 924 915 35.5 15284 28075
330 330 417 35.5 16653 3117
2095 1213 983 35.5 0 46547
530 871 829 35.5 14040 25214
485 678 647 35.9 4245 26718
2882 1780 1326 35.9 2303 61176
1354 1567 1311 35.9 8287 54487
1339 1453 1266 35.9 5984 54638
1601 1527 1376 35.9 6425 59475
1512 1519 1408 35.9 6110 61309
1690 1605 1446 35.9 5689 63526
1164 1384 1321 35.9 6792 56450
1311 1348 1286 35.9 5586 55979
1675 1512 1374 35.9 5960 59835
1332 1422 1318 35.9 7101 56016
1265 1343 1260 35.9 4899 55407
2094 1718 1488 39.3 5778 72206
1739 1729 1529 39.3 8013 72103
1639 1684 1521 39.3 7114 72561
1556 1620 1509 47.2 9483 85457
1327 1474 1430 47.2 11879 78093
1939 1706 1550 47.2 11695 85858
1848 1777 1600 47.2 8526 92160
1109 1443 1404 61.5 16081 99127
1235 1339 1325 75.0 9187 123436
1013 1013 1107 75.0 11186 99623
1373 1193 1150 75.0 10676 104412
1154 1174 1106 76.4 88041 24617
882 1028 993 81.3 14058 93578
998 1013 967 81.3 93571 11261
998 1006 958 88.0 104016 11261
0 503 635 88.0 84164 -9647
197 197 387 81.3 21075 20866
1377 787 678 81.3 2352 71160
655 721 627 88.8 11168 63137
1518 1119 855 88.8 9336 91909
1348 1234 997 88.8 7206 110902
920 1077 969 88.8 26703 88071
448 448 608 74.0 51833 8162
639 544 624 74.0 0 61615
1219 881 787 74.0 3863 73840
1314 1098 895 74.0 13728 74637
1451 1274 1023 74.0 6962 94035
854 854 833 74.0 12267 69991
1886 1370 1161 74.0 6498 108108
2173 1772 1459 74.0 13071 130880
1489 1630 1421 74.0 15760 124502
1096 1363 1296 74.0 27023 100903
879 879 1025 66.3 18876 71705
970 925 997 66.3 10785 77366
1653 1289 1162 66.3 11070 91599
1700 1494 1268 66.3 39397 72641
3532 2513 1926 66.3 106054 64235
20 20 551 51.8 164435 -126364
12 12 406 44.7 162993 -138774
12 12 350 28.1 161551 -148427
6 6 188 2.8 160776 -160082
15 15 13 2.8 157333 -157284
12 12 11 2.8 155891 -155851
1037 1037 636 2.8 0 2342
62270 31653 29189 2.8 0 107549
1572 16612 13034 2.8 13603 34421
2685 9649 10134 2.8 3332 34008
3872 6760 9910 2.8 3378 33137
2891 4826 11013 2.8 2546 38031
2134 3480 3566 2.8 5565 7572
1567 2523 2358 2.8 0 8686
2193 2358 2005 2.8 0 7386
2970 2664 2031 2.8 0 7483
3461 3062 2193 2.8 0 8079
492 1777 1422 2.8 0 5239
2035 1906 1486 2.8 0 5476
2213 2059 1541 2.8 0 5676
1539 1799 1383 2.8 0 5095
2217 2008 1456 2.8 0 5363
962 1485 1153 2.8 0 4249
778 1132 944 2.8 0 3477
1051 1091 878 2.8 0 3235
1029 1060 836 2.8 0 3079
2200 1630 1133 2.8 0 4175
2200 1915 1297 2.8 0 4780
1941 1928 1341 2.8 0 4940
2195 2061 1450 2.8 0 5342
2195 2128 1529 7.7 0 5342
1381 1754 1334 29.3 0 52039
2090 1922 1431 47.0 5313 84347
1762 1842 1379 56.1 11015 92131
1284 1563 1216 65.7 11174 95369
1574 1569 1195 65.7 12959 91769
1431 1500 1147 65.7 9229 91265
1214 1357 1050 65.7 9752 82291
1237 1297 995 70.4 5742 87595
611 611 582 66.2 17094 34224
897 754 636 69.8 6426 52757
719 736 585 80.0 6563 55856
894 815 616 96.4 4377 74854
874 845 607 99.8 8129 72616
1054 949 679 101.6 8123 82445
523 523 435 96.4 22101 33886
501 501 421 96.4 3934 50138
688 594 457 101.6 7574 53335
753 674 498 101.6 5728 60627
1150 912 624 101.6 7661 75489
1330 1121 759 101.6 5474 95721
739 739 560 98.0 27402 45816
892 815 616 98.0 4441 76071
740 778 593 111.7 9827 69257
363 363 353 95.3 33202 11594
252 252 257 76.4 6072 20146
2890 1571 1008 76.4 11343 91295
252 252 254 70.4 65487 -41675
393 322 304 70.4 44888 -16332
57 57 113 61.4 30782 -21539
108 108 165 61.4 9820 3637
560 334 223 61.4 0 18232
0 167 130 61.4 17312 -6649
87 87 79 61.4 0 6500
56 56 59 61.4 0 4833
430 243 169 61.4 0 13856
448 346 223 61.4 6748 11481
401 373 247 61.4 5275 14938
401 387 265 61.4 18671 14938
401 394 283 66.4 31954 14938
0 197 174 66.4 39289 -23846
69 69 96 59.1 5061 2514
380 225 174 59.1 0 13681
750 487 320 59.1 1284 23912
2356 1422 869 59.1 1615 66904
907 1165 758 59.1 36841 22931
530 530 444 59.1 37494 -2514
0 265 296 57.8 14897 7877
83 83 186 38.6 0 9552
735 409 327 38.6 2844 13987
735 572 384 38.6 15778 13987
211 391 282 38.6 26004 -11478
211 301 233 38.6 26004 -11478
211 256 215 38.6 26004 -11478
211 234 199 38.6 26004 -11478
211 223 178 38.6 0 -11478
211 217 168 38.6 1985 -11478
211 214 162 57.8 1985 -11478
211 213 160 57.8 1985 -11478
211 212 159 66.3 1985 -11478
211 212 158 66.3 0 -11478
211 212 158 66.3 2276 -11478
211 211 157 66.3 2276 -11478
211 211 157 68.6 2276 -11478
859 535 347 68.6 6560 25188
9200 4868 2899 68.6 2308 263028
1210 1210 900 58.0 134344 -64810
1483 1346 1101 58.0 0 85082
1157 1252 998 58.0 9613 67510
1581 1416 1205 58.0 7898 85200
1234 1325 980 58.0 14883 60856
1333 1329 992 68.9 3728 87452
1717 1523 1101 68.9 8224 92975
1245 1384 1033 68.9 10200 84755
1487 1436 1065 68.9 14121 83748
1848 1642 1186 68.9 8108 100886
1830 1736 1257 97.7 41229 122516
1432 1584 1178 106.3 65506 91542
386 386 490 106.3 83911 -18613
839 612 586 106.3 0 78129
1056 834 660 106.3 8400 79540
666 666 537 106.2 13918 57727
971 818 579 107.8 4868 72383
1193 1006 703 107.8 5692 88000
1648 1327 910 109.1 9423 111887
1662 1494 1025 109.1 16578 120047
1459 1476 1051 109.1 19388 120724
727 727 642 97.8 54903 28871
1530 1129 871 97.8 1192 112423
980 980 767 97.8 15650 84329
495 495 477 68.7 36765 6919
886 690 541 68.7 0 49578
1270 980 706 68.7 1724 62974
1147 1064 753 68.7 8139 60855
1234 1149 802 68.7 8887 64664
1526 1338 939 68.7 6475 79558
1545 1441 1028 97.8 9491 124522
1074 1074 834 97.8 17650 91161
1405 1240 934 97.8 11837 110023
1593 1416 1036 97.8 15190 119990
1593 1505 1098 97.8 11012 132126
1515 1510 1100 97.8 19841 123623
1856 1683 1221 97.8 4536 154651
934 934 802 75.8 46878 34098
2115 1524 1135 75.8 2368 112273
1618 1571 1149 75.8 13640 102387
1861 1716 1253 75.8 11991 114600
1838 1777 1277 75.8 12368 116641
1731 1754 1307 98.5 10066 161624
1647 1701 1286 98.5 14474 154486
1509 1509 1181 98.5 18955 136201
1382 1382 1100 101.7 17703 128992
1610 1496 1150 101.7 12016 141262
1403 1449 1111 101.7 13966 134182
1235 1235 977 101.7 20325 109877
1621 1428 1077 101.7 16554 127020
1181 1181 932 101.7 15705 108610
1240 1210 942 109.2 12004 113660
1331 1271 960 109.2 22828 105237
874 874 735 103.2 16946 81008
772 823 682 109.2 19217 71729
376 376 401 103.2 34641 18818
1696 1036 759 103.2 0 101162
1086 1061 750 103.2 9825 90173
999 1030 752 103.2 11098 89167
1604 1317 918 103.2 10165 112189
1835 1576 1114 103.2 12662 135912
1614 1595 1151 107.8 16698 136816
1535 1565 1157 107.8 19843 134415
1723 1644 1227 107.8 18269 145390
1431 1431 1119 107.8 25979 123203
1502 1467 1137 107.8 14582 136999
1669 1568 1187 107.8 12669 145650
1618 1593 1206 111.0 7411 153359
1527 1560 1183 111.0 24121 133649
1546 1553 1185 111.0 15650 142383
1552 1552 1190 111.0 16506 142125
1755 1654 1250 111.0 15496 151176
1624 1639 1244 111.0 16232 149577
1482 1482 1157 111.0 15898 138377
1597 1540 1188 111.0 18258 140154
1647 1593 1219 111.0 20233 142251
1528 1561 1199 111.0 19377 140548
1626 1593 1214 111.0 19153 142760
1688 1641 1247 111.8 20583 145722
1566 1603 1231 111.8 11891 152297
1660 1632 1249 116.1 11613 154986
1679 1655 1266 116.1 16126 152737
1576 1576 1224 116.1 11503 151761
1643 1610 1242 118.9 16821 148803
1784 1697 1294 123.9 15422 157045
1537 1617 1251 125.0 22003 144784
1630 1624 1254 125.0 15954 151273
1173 1398 1123 123.9 88861 60809
1641 1520 1189 123.9 33648 124855
873 873 795 118.9 9599 96453
1601 1237 985 118.9 8954 122443
1751 1494 1106 118.9 59090 88324
814 814 721 116.1 22910 73184
1445 1129 871 116.1 13348 102807
1605 1367 1014 118.4 48575 86594
1865 1616 1180 118.4 63279 94024
2204 1910 1349 118.4 80669 99171
2292 2101 1514 118.4 158691 43202
1518 1809 1389 118.4 3690 181516
1637 1723 1363 118.4 19294 162454
1603 1603 1296 117.0 20128 152692
1452 1452 1199 111.9 15501 144323
1620 1536 1217 111.9 11353 150861
1338 1338 1086 111.4 18261 126527
1354 1346 1076 111.4 22620 120851
1495 1421 1104 111.4 14120 133017
1597 1509 1158 111.4 18518 135819
1549 1529 1167 111.4 16675 138871
1493 1511 1165 111.4 19781 135606
1589 1550 1197 111.4 17655 141924
524 524 596 106.4 78530 960
1155 1155 933 106.4 11928 112412
1515 1335 1005 106.4 32419 101514
1349 1342 1020 106.4 40281 95713
1589 1465 1065 106.4 10624 131378
1236 1236 978 106.4 13369 117074
1303 1269 1008 106.4 17108 117252
1022 1022 854 98.6 12857 99432
1258 1140 916 98.6 36652 83775
1265 1203 931 109.2 6615 117522
1272 1237 955 109.2 14580 112703
1180 1209 932 109.2 17044 107263
620 620 594 109.2 43793 35418
776 698 621 109.2 4942 77833
1341 1019 781 109.2 20031 84076
1142 1081 812 109.2 20578 87751
779 779 623 100.8 48120 34881
71 71 211 92.9 52964 -26769
32 32 165 64.2 44259 -30110
189 189 209 64.2 19542 -1680
345 267 216 64.2 0 18492
1910 1089 670 64.2 2299 55048
817 953 629 64.2 6160 47675
1175 1064 749 64.2 6340 57804
724 894 678 64.2 8535 49506
1229 1062 822 64.2 8480 61893
988 1025 793 64.2 12720 55137
1195 1110 853 64.2 16860 56106
1176 1143 869 64.2 16692 57686
1050 1097 857 64.2 7828 65511
880 988 794 92.9 26887 71437
662 662 600 81.7 22649 42661
910 786 655 81.7 20307 50990
736 761 619 81.7 43402 24045
1003 882 679 81.7 4121 69871
689 785 610 81.7 13526 52922
642 714 578 81.7 8010 54912
1265 989 735 81.7 14110 65984
993 991 747 81.7 8784 72595
932 962 738 81.7 14900 65443
690 690 581 81.7 6686 56582
695 693 587 81.7 16490 47440
565 629 533 92.5 16488 49211
941 785 612 92.5 10424 65035
832 809 612 92.5 11035 64434
1164 986 725 92.5 8382 81059
1294 1140 826 92.5 12627 89301
1192 1166 868 105.7 24294 91495
1068 1117 857 113.8 22847 91423
1413 1265 961 114.5 15781 112330
1499 1382 1044 114.5 14730 124443
1404 1393 1064 114.5 10599 131222
1624 1509 1142 114.5 12879 139426
1595 1552 1187 114.5 17444 140778
1592 1572 1215 114.5 17620 144425
1354 1354 1094 110.9 20596 125265
1324 1339 1087 110.9 18965 125929
1739 1539 1196 110.9 19355 140125
1447 1493 1170 110.9 22198 133807
1568 1531 1189 110.9 15079 143435
1499 1515 1185 110.9 15189 142804
1606 1561 1225 115.1 8572 154745
1457 1457 1163 115.1 14147 140924
1312 1312 1077 112.7 33057 110609
849 849 791 110.9 22377 83064
859 859 769 108.5 23586 78959
262 262 376 105.7 64767 -14670
149 149 260 92.0 43543 -11631
637 393 337 92.0 0 41399
141 267 245 79.2 22877 3022
277 272 217 79.2 0 22897
2240 1256 796 79.2 2127 81881
621 621 469 78.7 19850 29339
1237 929 677 78.7 5518 65491
648 788 603 78.7 8492 54762
671 729 619 78.7 5923 59021
1111 920 693 78.7 6030 66720
1298 1109 824 78.7 8143 78324
1328 1218 897 78.7 10012 84141
1145 1182 894 78.7 9373 84456
981 1081 858 78.7 11084 78952
1290 1185 929 78.7 11174 86363
832 832 723 78.7 10440 65442
842 837 712 78.7 7022 67705
1396 1116 855 78.7 12268 77487
999 1058 826 78.7 8738 77986
1000 1029 802 78.7 9953 74164
1126 1077 836 78.7 10717 77018
1344 1210 931 78.7 12570 85142
1666 1438 1071 78.7 10874 101492
1781 1610 1190 78.7 10765 114143
816 816 746 77.1 23927 52780
1188 1002 851 77.1 4095 83421
743 743 677 77.1 9293 60369
732 737 658 77.1 7436 60193
1398 1068 796 77.1 7689 74144
1126 1097 829 79.1 8390 79069
1104 1101 836 86.5 10118 86200
1337 1219 919 86.5 11282 94675
1440 1329 1012 89.3 11329 109183
1502 1416 1078 89.3 12792 115503
1502 1459 1118 89.3 10699 122420
1346 1402 1103 106.9 16761 130313
1226 1226 1009 106.9 15750 118721
829 829 768 89.3 42310 49122
1169 999 843 89.3 1857 98550
1077 1038 841 89.3 19270 80802
1498 1268 965 89.3 10794 104042
1633 1451 1066 89.3 12826 114112
1402 1426 1085 89.3 9762 119455
1206 1316 1041 89.3 8050 115843
802 802 749 86.8 33551 53059
313 313 440 81.7 39325 8588
132 132 276 76.2 29542 -1526
478 305 318 76.2 0 32269
4145 2225 1410 76.2 12400 130828
1613 1919 1278 76.2 21014 108822
1435 1677 1229 76.2 13080 111782
1237 1457 1149 76.2 11735 104979
1351 1404 1209 76.2 7210 115538
1184 1294 1100 76.2 10302 101382
1357 1325 1088 81.7 10588 107812
1333 1329 1069 81.7 10665 105694
1326 1328 1063 81.7 13210 102505
1372 1350 1070 81.7 8710 107835
1396 1373 1088 81.7 13801 104603
1452 1412 1114 81.7 16563 104727
1322 1367 1091 81.7 16811 101955
1792 1579 1221 81.7 11703 121254
1394 1487 1175 81.7 16556 111370
1421 1454 1165 81.7 14224 112653
1442 1448 1160 81.7 12187 114116
1458 1453 1172 81.7 19156 108439
1457 1455 1166 81.7 6734 120214
1637 1546 1219 104.1 12352 150194
1232 1232 1035 98.7 13138 123072
1399 1316 1078 98.7 10993 130873
1438 1377 1103 98.7 17298 127897
1073 1073 924 95.2 18480 98790
1416 1245 1000 95.2 10402 116564
1240 1242 995 95.2 16329 110055
1381 1312 1041 100.7 17575 121204
1746 1529 1160 106.5 14305 140383
1590 1559 1203 110.3 23850 136595
1650 1605 1248 117.4 19155 147196
1435 1520 1213 117.4 16640 145111
1357 1438 1180 117.4 17302 139964
1475 1457 1186 117.4 8791 149341
1264 1264 1067 107.1 20266 121966
1426 1345 1100 107.1 9917 136744
1284 1315 1069 117.4 16240 126286
1276 1276 1044 117.4 13032 126143
1212 1212 993 115.2 10180 122159
1298 1255 1018 115.2 14844 120884
1199 1199 979 115.2 13340 117137
1438 1318 1046 115.2 11200 128278
1520 1419 1106 115.2 17088 130348
1384 1401 1108 115.2 18795 128905
646 646 660 106.1 56592 31403
1017 831 750 106.1 3290 96751
974 903 762 106.1 14884 86663
1194 1048 835 106.1 9513 101783
1498 1273 936 106.1 13730 111067
1314 1294 982 106.1 9111 121811
1552 1423 1084 106.1 9817 134765
1526 1474 1140 115.2 20866 131175
1319 1397 1120 115.2 20661 128678
1464 1430 1146 115.2 10052 142796
1778 1604 1259 117.6 23696 144119
1526 1526 1222 117.6 11048 151893
1472 1499 1209 117.6 15925 145340
1474 1486 1205 117.6 27673 133001
1642 1564 1259 117.6 16839 151049
1398 1398 1156 115.6 23093 131024
1408 1403 1154 115.6 19095 134829
1515 1459 1181 115.6 16020 141384
1435 1447 1175 115.6 23648 133080
1367 1367 1120 115.6 12282 136992
1583 1475 1183 116.3 13480 144259
1645 1560 1238 116.3 27322 137735
1426 1493 1204 116.3 19109 141480
1296 1296 1087 115.6 13001 131926
1451 1374 1132 115.8 13142 137795
1517 1445 1170 115.8 16129 139880
1653 1549 1229 115.8 15325 148539
1497 1523 1212 115.8 15670 145887
1520 1522 1224 115.8 133390 29874
0 761 773 110.7 40570 62498
373 373 513 110.7 8365 59983
759 566 564 110.1 8314 66901
1049 807 666 110.1 5781 83033
1078 943 703 110.1 10782 82935
1195 1069 780 110.1 14221 89741
1449 1259 930 110.1 17191 106866
1094 1177 918 110.1 8534 113925
1081 1081 883 110.1 8979 108793
1056 1056 875 110.1 16049 100591
1073 1064 883 110.1 11965 105793
982 982 823 110.1 12118 97647
1006 994 820 110.1 11163 98161
927 961 794 110.1 12833 93028
1079 1020 827 110.1 15314 94909
1162 1091 865 110.1 10311 105023
991 991 811 110.1 13584 94551
1016 1004 819 110.1 12296 96858
937 937 780 110.1 21297 82708
1009 973 801 110.1 9311 97460
856 856 721 107.6 8714 87455
1107 982 793 107.6 8819 96871
789 789 671 106.2 14976 74522
1000 894 733 106.2 8423 89273
946 920 738 106.2 8145 90192
1179 1049 825 106.2 15219 94748
880 965 771 106.2 17758 85085
897 897 743 106.2 6242 92814
1117 1007 808 106.2 12011 95731
927 927 766 106.2 14778 87409
846 846 713 110.0 11043 83985
924 885 727 110.4 11716 85242
1408 1146 886 111.1 10291 107897
1227 1187 916 111.1 16371 105755
1129 1158 912 111.1 22001 99630
1414 1286 1004 111.1 11373 122432
1088 1088 908 110.2 15928 105089
1164 1126 932 110.2 5908 118341
1311 1218 980 110.2 13644 117033
1190 1204 980 110.2 10786 119819
1566 1385 1082 110.2 9862 134375
1512 1449 1134 110.2 10942 140198
1558 1503 1187 110.2 19077 139145
1413 1458 1172 110.2 18254 137986
1406 1432 1173 110.2 18736 137641
902 902 855 108.3 46291 67745
838 838 794 106.2 3191 102660
808 808 736 101.5 20827 77346
1109 959 800 101.5 9640 97091
1235 1097 849 101.5 16889 96328
1247 1172 904 101.5 10907 109647
1200 1186 928 101.5 12248 111500
1120 1153 929 107.7 12342 111584
931 931 808 101.6 23187 84501
828 828 739 101.6 11405 87187
799 813 712 101.6 13077 81891
593 593 562 100.0 18066 56810
502 502 477 97.1 7111 54589
476 476 435 97.1 8160 48152
442 442 399 97.1 5631 45983
330 330 309 88.9 12870 23683
986 658 493 88.9 2207 56154
843 750 553 88.9 7678 57803
508 508 424 88.9 5958 44249
600 554 451 88.9 4564 48894
702 628 510 88.9 8519 51870
295 462 413 88.9 31056 17834
1266 864 638 88.9 1155 74401
847 855 646 88.9 7995 68526
1083 969 738 88.9 8043 79413
1174 1072 808 88.9 34730 61007
1557 1314 995 88.9 10605 107255
429 429 480 83.3 59591 -6345
244 244 356 82.1 24867 14115
267 267 324 76.7 3052 30106
1983 1125 817 81.9 4388 84795
558 558 442 74.4 25854 18030
404 481 412 74.4 2274 38554
908 695 537 74.4 4912 48343
671 683 573 74.4 5329 51537
671 677 539 74.4 1746 51758
709 693 551 74.4 5592 49041
935 814 639 74.4 4694 58701
859 836 658 74.4 6936 58313
734 785 636 74.4 6245 56788
954 869 692 74.4 6535 62052
715 792 655 74.4 6708 58236
1653 1222 917 74.4 5909 85010
1189 1205 920 74.4 6341 84921
1730 1468 1108 74.4 11391 98490
971 1219 979 74.4 31817 65308
1056 1138 965 74.4 6438 89303
1576 1357 1088 74.4 7517 100413
962 1159 982 74.4 17986 79449
899 899 809 74.4 11246 68988
567 567 587 69.9 17806 36904
598 582 574 69.9 3415 50054
1470 1026 798 69.9 8795 65643
928 977 758 69.9 8522 62119
1579 1278 942 69.9 5440 82400
759 759 656 69.9 8520 52681
1269 1014 837 69.9 6049 71939
1146 1080 864 74.6 11516 74371
1080 1080 884 80.0 12077 82251
826 826 707 90.4 9101 76165
591 591 575 83.3 11695 52179
464 464 476 83.3 5971 46962
1001 733 609 83.3 5022 62690
593 663 544 83.3 12213 48220
630 646 526 83.3 2248 56157
1689 1167 837 83.3 10665 82402
593 593 528 80.7 20491 36322
929 761 631 80.7 5257 62606
1717 1239 911 80.7 8574 89442
816 1028 830 80.7 27859 61413
403 403 437 79.6 25308 21121
404 404 428 79.6 2243 43228
801 603 536 79.6 5584 51279
429 429 400 79.2 10263 31971
869 649 493 79.2 3192 48889
636 643 496 79.2 6247 46130
526 585 482 79.2 7978 42886
1446 1015 736 79.2 5918 71773
532 532 474 72.1 13971 31602
5909 3221 2103 72.1 1164 201081
637 637 651 72.1 108475 -45891
966 966 900 72.1 0 86574
1224 1095 908 72.1 11200 76147
1076 1085 1020 72.1 5381 92742
493 493 499 68.6 30182 15512
1120 807 687 68.6 1020 61858
2387 1597 1150 68.6 5143 100114
1765 1681 1234 68.6 11532 101343
1419 1550 1178 68.6 13761 94044
1232 1391 1136 68.6 11538 92416
598 598 702 52.2 29712 19206
954 776 763 52.2 1902 51207
2323 1549 1173 52.2 7808 73899
547 547 574 48.5 19759 17398
2728 1638 1179 48.5 1131 75201
868 1253 984 48.5 3554 60123
1330 1292 1071 48.5 4343 64955
1616 1454 1118 48.5 4261 68125
315 315 508 48.2 33054 -466
1694 1005 850 48.2 0 54549
910 957 795 48.2 8554 42460
1184 1071 870 48.2 4274 51595
704 887 707 48.2 10272 35096
351 351 431 48.2 7544 20115
433 392 419 48.2 1235 25646
2451 1421 1007 48.2 3305 61376
607 1014 781 48.2 11258 38914
1636 1325 974 48.2 4425 58100
1205 1265 972 48.2 6492 55899
562 913 836 48.2 5674 48028
647 780 717 49.5 4694 42663
977 878 769 49.5 5715 45039
1187 1032 840 49.5 6119 49337
1188 1110 869 49.5 4763 52630
733 922 764 52.3 5963 47331
748 835 720 52.3 5751 44510
412 624 592 52.3 6577 34727
1490 1057 835 52.3 3660 54604
779 918 742 52.3 7417 44400
1110 1014 805 52.3 5285 50921
927 971 777 82.9 6947 78926
615 615 594 76.2 16308 44044
666 641 582 76.2 1574 57606
1564 1102 845 85.8 3570 93094
1481 1291 966 85.8 12131 98414
1135 1213 931 85.8 4671 101926
918 918 782 85.8 14211 75252
892 905 796 85.8 7014 84120
1835 1370 1068 90.5 10083 118850
1177 1273 1015 90.5 24856 97650
507 507 556 85.8 46364 17227
873 690 640 85.8 1335 71865
623 623 592 85.8 8711 59022
1132 878 715 90.5 7262 79065
860 869 669