1357 678 678 565.3 2142 88301
348 348 348 102.8 50169 -3718
231 231 231 54.4 21167 -4404
115 115 115 50.1 5214 2456
69 92 92 50.3 2875 3281
40 66 66 50.5 2922 1497
32 32 32 49.0 0 2060
0 16 16 49.1 1950 -916
0 8 8 49.3 0 518
53 31 31 49.5 0 2016
0 15 15 49.6 2201 -1189
0 8 8 49.7 2135 -1628
0 4 4 49.7 0 253
144 74 74 49.7 0 4903
82 78 78 49.8 1267 3897
19 19 12 48.8 0 809
0 10 7 49.0 2174 -1739
21 21 14 49.1 0 941
184 102 55 49.3 0 3642
0 51 33 49.5 3193 -1017
16 16 8 49.6 983 -425
0 8 9 49.6 0 613
115 62 35 49.6 0 2322
63 62 37 49.6 0 2451
63 63 34 49.6 2339 2451
63 63 38 49.6 4738 2451
0 31 22 49.6 4700 -3235
0 16 12 49.6 4700 -3913
136 76 44 49.6 0 2928
128 102 61 49.6 0 4023
195 148 85 49.6 0 5606
523 335 208 49.6 0 13751
342 339 240 49.6 1346 14529
218 278 203 50.0 9037 4493
218 248 198 50.0 13097 4493
0 124 109 50.0 3685 3577
0 62 51 50.0 6397 3577
514 288 217 50.0 3329 11165
514 401 317 50.0 14054 11165
0 200 148 50.0 21257 -11405
90 90 87 50.0 0 5796
207 149 162 56.2 0 12118
207 178 164 60.7 12148 12118
207 193 151 60.7 23509 12118
207 200 155 60.7 36025 12118
207 204 167 62.6 47826 12118
207 206 174 62.6 59640 12118
11 11 38 60.7 65591 -62531
0 5 42 56.2 65591 -62478
0 3 36 46.0 65591 -62478
0 1 15 13.5 65591 -62478
0 1 2 6.5 0 -62478
0 0 1 6.5 66742 -66735
3 3 3 6.5 65614 -65591
28 28 20 6.5 62262 -62093
104 104 71 6.5 52337 -51725
136 136 91 6.5 30979 -30190
148 142 99 6.5 0 850
1249 696 528 6.5 0 4549
1174 935 809 6.5 0 6968
1727 1331 1384 6.5 1252 10680
411 871 789 6.5 5409 1394
96 484 250 6.5 0 2158
96 290 298 6.5 1970 2158
0 145 155 6.5 0 1335
179 162 173 6.5 0 1492
353 258 272 6.5 0 2342
0 129 99 6.5 0 853
138 133 90 6.5 0 778
87 110 102 6.5 0 875
903 506 496 6.5 0 4270
888 697 667 6.5 0 5746
19 19 0 6.0 3662 -3662
51 35 6 6.0 0 50
871 453 476 6.0 0 3833
599 526 382 6.0 0 3070
671 598 476 6.0 0 3828
158 378 259 6.0 0 2084
437 408 376 6.3 0 3149
312 360 323 6.3 0 2705
364 362 324 19.2 0 8314
908 635 590 44.7 0 35158
530 582 474 48.5 2643 27960
2304 1443 1353 60.0 2143 106061
830 830 742 60.0 18954 40380
1028 929 698 60.0 5348 50482
2379 1654 1420 60.0 7048 106589
1028 1341 1363 60.0 13870 95149
1211 1276 1313 60.0 13098 91942
860 860 812 60.0 13368 51586
915 887 985 60.0 19916 58856
966 926 928 60.0 10090 64138
610 768 801 60.0 14662 49406
427 427 452 52.8 8096 23715
778 602 597 52.8 2070 39943
924 763 705 60.6 4057 52876
981 872 808 60.6 6098 59135
828 850 761 60.6 10602 50852
1450 1150 1047 65.1 5934 84935
974 1062 978 65.1 34373 50447
616 839 830 65.1 48227 23758
220 220 272 60.6 33848 -11870
405 313 396 60.6 0 32007
822 567 572 65.1 3287 46368
926 747 698 65.1 7502 53026
496 621 529 65.1 24747 21116
555 588 535 65.1 2407 44003
1798 1193 1084 65.1 5327 88736
1341 1267 1112 65.1 14983 81445
1780 1524 1390 65.1 13634 106984
1706 1615 1494 65.1 13878 115707
1491 1553 1496 65.1 12332 117463
1198 1376 1348 65.1 81791 35173
1810 1593 1586 65.1 40185 97377
2583 2088 2049 81.1 93740 127820
691 1389 1351 67.6 166760 -45062
673 673 777 64.3 103236 -36708
673 673 831 64.3 103236 -36708
673 673 696 64.3 103236 -36708
673 673 652 66.3 103236 -36708
673 673 640 66.3 0 -36708
0 337 323 53.2 13743 9187
0 168 219 52.5 22133 9187
0 84 124 51.8 30683 9187
0 42 66 48.7 39827 -35565
0 21 32 38.0 39827 -35565
0 11 16 33.7 39827 -35565
0 5 8 32.8 31528 -31177
0 3 4 32.8 31528 -31177
0 1 2 32.8 31528 -31440
0 1 1 32.8 28009 -27965
0 0 1 32.8 28009 -27987
0 0 0 32.8 28009 -27998
0 0 0 32.8 28009 -28003
0 0 0 32.8 0 2
0 0 0 32.8 0 1
650 325 307 32.8 0 13427
309 317 246 32.8 8186 2561
0 159 136 32.8 4647 1304
450 304 310 32.8 0 13554
268 286 251 32.8 1282 9704
141 213 201 32.8 0 8775
3430 1822 1711 32.8 0 74838
263 1043 791 32.8 51095 -16494
115 115 377 32.8 35837 -19387
96 96 256 32.6 24235 -13119
155 155 255 32.6 1169 9889
304 229 272 32.6 5672 6146
89 89 71 32.6 2026 1069
62 75 99 32.6 0 4287
213 144 134 32.6 0 5823
214 179 157 32.6 0 6829
2428 1304 1141 32.6 0 49558
1591 1447 1068 32.6 9208 37190
508 978 850 32.6 9245 27647
583 780 756 32.6 1520 31370
3816 2298 2182 32.8 8603 86716
696 1497 1067 32.8 22182 24452
547 1022 1191 32.8 6649 45426
577 800 1002 32.8 4849 38954
1386 1093 1025 32.8 27927 16897
1145 1119 955 32.8 13923 27838
1145 1132 1023 32.8 38486 27838
1145 1138 1074 32.8 66884 27838
0 569 587 32.8 64525 -38846
0 285 435 46.9 59301 -32119
106 106 210 31.9 23484 -14529
460 460 435 31.9 2569 15951
425 443 324 31.9 3747 10021
275 359 314 31.9 4459 8895
246 302 320 31.9 4659 8941
230 266 268 31.9 4390 7020
230 248 241 31.9 11384 7020
0 124 130 31.9 11293 -5762
0 62 93 46.3 11293 -5558
0 31 54 46.3 0 3316
0 16 22 33.3 0 993
852 434 369 33.3 0 16372
669 551 396 46.3 1227 23254
702 627 518 46.3 2047 29954
506 567 518 46.3 4531 27490
396 481 466 46.3 3818 24965
879 680 641 46.3 5026 34589
1018 849 730 46.3 5391 39681
565 707 611 46.3 26113 11625
2247 1477 1345 46.3 2737 80372
544 1011 819 46.3 30662 19961
166 166 302 32.9 23710 -10437
220 220 461 32.9 0 20239
696 458 429 32.9 2327 16518
1893 1176 970 32.9 3226 39366
1075 1125 834 32.9 13724 22912
254 254 242 30.3 3445 6326
210 232 463 30.3 0 18691
6772 3502 3098 30.3 2134 122832
651 2077 833 30.3 60487 -26883
431 431 964 33.1 0 42530
1598 1014 1892 33.1 4625 78847
910 962 841 33.1 22166 14929
301 301 382 33.1 1187 15659
9185 4743 3579 33.1 2115 155816
1091 1091 284 30.5 27831 -16276
1316 1204 2371 30.5 0 96359
497 497 807 30.3 43988 -11442
361 361 1573 30.3 970 62465
776 568 600 30.3 11496 12693
3005 1787 1129 30.5 0 45891
588 1187 836 30.5 10190 23769
600 893 857 30.5 2244 32591
4430 2662 1656 30.5 5251 62061
852 1757 1480 30.5 8609 51545
678 1217 1426 30.5 26932 31017
799 1008 1143 30.5 12331 34126
15 15 794 29.5 43503 -12322
15 15 491 20.9 43503 -12322
0 8 197 18.4 16263 -11420
6 6 152 2.8 14504 -13935
202 104 54 2.8 0 201
54 79 47 2.8 0 177
41 60 54 2.8 0 203
41 51 45 2.8 0 203
88 69 63 2.8 0 236
507 288 164 2.8 0 613
546 417 240 2.8 0 897
336 376 269 2.8 0 1006
610 493 352 2.8 0 1318
0 247 265 2.8 0 992
0 123 231 2.8 0 992
637 380 296 2.8 0 1106
72 226 228 2.8 0 854
158 192 215 2.8 0 805
0 96 122 2.8 0 455
1611 854 508 2.8 0 1904
760 807 492 2.8 0 1844
1260 1033 741 2.8 0 2774
0 517 489 2.8 0 1830
133 325 512 2.8 0 1916
538 431 451 2.8 0 1690
0 216 344 2.8 0 1289
1480 848 582 2.8 0 2179
383 616 443 2.8 0 1658
190 403 455 2.8 0 1702
1134 768 548 2.8 0 2052
266 517 504 40.5 0 27173
3078 1797 1138 46.3 4140 66164
845 1321 925 47.7 20696 38065
572 946 997 64.6 9994 75969
478 712 738 64.6 42541 21040
1351 1031 1008 64.6 2315 84588
978 1005 898 64.6 11476 65912
843 924 853 64.6 10201 63305
656 790 746 64.6 11534 52762
661 726 740 64.6 15817 47940
220 220 458 47.7 26740 2365
326 273 423 47.7 10342 16511
609 441 399 47.7 1893 23437
704 573 468 47.7 17531 12211
303 438 365 58.4 1334 27085
1234 836 583 58.4 3179 42254
504 670 534 58.4 7920 33659
664 667 609 58.4 4567 42851
811 739 600 65.8 14707 37936
658 699 643 65.8 5002 51395
353 353 458 59.1 15593 20515
518 435 467 59.1 3255 33597
682 558 483 59.1 3882 34206
1208 883 655 59.1 3841 47793
742 812 614 59.1 8075 40348
746 779 664 70.2 4529 57672
823 801 684 70.2 9422 54625
816 809 732 70.2 5860 62652
731 770 706 70.2 3854 62256
1030 900 765 70.2 6340 65257
971 935 789 70.2 5078 68764
1083 1009 852 70.2 7393 72375
1279 1144 928 70.2 8093 78775
488 488 646 59.1 19954 30957
1328 908 836 59.1 3539 62386
598 598 613 59.1 6090 42240
498 548 649 59.1 8427 42744
3293 1921 1166 59.1 3670 88306
1008 1464 1102 59.1 17263 69636
640 640 860 57.7 13172 53040
486 486 649 57.9 9661 40409
791 639 786 57.9 7921 52750
654 646 686 57.9 7369 45551
1106 876 694 57.9 6971 46569
1410 1143 819 57.9 9330 53856
349 349 506 56.3 19868 18101
251 251 463 54.7 3366 30351
471 361 408 54.7 4102 25649
994 678 593 54.7 3181 40040
908 793 554 54.7 35050 5333
1110 951 681 56.1 0 50963
527 739 626 56.1 41337 5484
375 557 606 56.1 2844 42469
7 7 302 52.3 41072 -20004
392 392 459 52.3 0 32039
1838 1115 710 52.3 8814 40707
561 838 638 52.3 5554 38954
548 693 586 52.3 8649 32245
371 532 523 52.3 23014 13469
1180 856 777 52.3 7221 46985
433 645 609 52.3 21959 20498
241 241 425 48.9 18206 9557
241 241 345 48.9 27536 9557
241 241 327 48.9 37052 9557
0 121 226 42.4 26187 -13451
18 18 100 39.4 17596 -12341
260 139 135 39.4 0 7073
573 356 230 39.4 0 12083
664 510 318 39.4 1056 15621
1341 926 558 39.4 5075 24231
1116 1021 678 39.4 25032 10586
0 510 532 39.4 20909 7011
32 32 308 34.0 19154 -5183
253 142 326 34.0 0 14784
1346 744 571 34.0 1050 24856
456 600 448 34.0 7818 12499
888 744 538 34.0 2751 21667
161 453 395 34.0 13878 4046
142 142 351 33.1 0 15512
221 181 285 33.1 2074 10508
642 411 375 33.1 5941 10622
754 583 426 33.1 1780 17016
939 761 509 33.1 1175 21295
803 782 565 36.8 2191 25545
624 703 598 36.8 3609 25713
1071 887 725 36.8 19394 16178
688 787 699 36.8 1247 33067
3133 1960 1340 36.8 8778 56969
467 467 602 35.8 18043 10669
1071 769 898 35.8 1301 41543
608 689 630 35.8 4153 25916
1289 989 1002 35.8 3187 44626
1777 1383 954 35.8 6074 39433
1357 1370 1073 35.8 5682 45546
1201 1285 1084 35.8 6263 45490
1608 1447 1223 45.2 4817 68885
919 1183 1155 45.2 10013 59605
500 500 809 42.6 16102 29799
636 568 747 42.6 4208 38193
679 624 696 42.6 13717 25776
2784 1704 1209 42.6 5282 63319
990 1347 976 42.6 39103 16256
287 287 587 42.6 2698 30590
581 434 589 42.6 8011 25405
1333 884 858 42.6 3247 45447
432 658 691 42.6 11469 27734
870 764 616 42.6 4452 30490
230 497 487 42.6 13079 14561
420 458 549 50.8 1173 35983
1393 926 705 67.5 5214 58241
462 462 497 63.3 11724 30215
1106 784 662 63.3 4005 51856
567 675 553 63.3 7841 38833
518 597 635 63.3 8276 45322
488 488 481 63.3 5058 35530
396 442 498 63.3 5957 36022
1743 1092 786 63.3 3832 62466
429 429 458 53.4 16894 15702
728 579 581 64.4 1402 48442
676 627 516 64.4 6426 37883
719 673 670 64.4 3226 54284
528 528 488 64.4 7851 34012
912 720 613 64.4 4570 48054
591 656 578 64.4 7086 42538
625 640 602 64.4 8988 42658
513 577 537 64.4 9451 36687
504 540 547 64.4 5090 41894
626 583 545 69.7 16452 34209
527 555 523 73.1 12745 38244
680 618 547 73.1 6058 47285
839 729 596 73.1 8915 49206
781 755 632 73.1 8386 53231
423 423 480 73.3 8239 38690
350 350 445 72.2 7287 35606
639 494 484 72.2 4259 42387
374 434 446 72.2 17435 25506
248 248 309 66.8 11986 15535
8618 4433 2352 66.8 2017 207545
485 2459 1595 66.8 142876 -708
556 556 1225 64.5 69678 35616
602 602 934 55.5 20087 49052
529 566 1371 55.5 14328 87181
357 357 745 54.0 45348 8319
556 556 500 54.0 0 36026
1086 821 611 54.0 21141 22851
661 741 596 54.0 14787 28163
644 693 585 54.0 1981 40147
1078 885 712 55.0 13217 38971
337 337 466 49.0 4055 26353
1974 1156 899 49.0 4362 54376
2388 1772 1133 49.0 7481 66528
1213 1493 1165 49.0 11477 64613
834 1163 1020 49.0 9736 56848
213 213 620 46.1 34167 3969
268 268 689 42.3 3386 35521
483 375 524 42.3 3962 25630
662 519 535 42.3 3777 26408
446 482 364 42.3 2261 18295
1052 767 551 42.3 2514 28563
808 787 580 42.3 9541 23183
579 683 598 42.3 3515 30233
354 518 511 42.3 8646 20218
261 390 475 42.3 13239 13598
546 468 490 42.3 1476 26176
291 379 401 42.3 13700 8919
0 190 281 42.3 22321 -6469
67 67 178 34.0 1278 6773
168 118 184 34.0 0 8337
2485 1301 772 34.0 0 34993
366 834 505 41.5 4878 23036
1350 1092 816 41.5 4563 40552
287 690 558 41.5 24424 6436
163 163 522 41.8 1414 27643
614 388 487 41.8 4810 22309
307 348 423 41.8 2171 21414
399 373 393 41.8 2464 19414
1116 745 491 41.8 11446 15892
1116 931 640 41.8 26918 15892
88 88 246 28.7 24627 -15212
146 146 308 28.7 8600 3197
38 38 183 23.6 6274 -497
73 56 225 23.6 0 7091
0 28 39 20.1 6849 -5796
34 34 54 22.9 0 1662
0 17 21 22.9 2238 -1581
0 9 21 22.9 2238 -1605
0 4 11 20.0 2238 -1956
0 2 9 19.6 2238 -2004
0 1 4 13.6 0 81
264 132 72 13.6 0 1315
510 321 173 13.6 0 3150
0 161 111 13.6 0 2011
384 272 200 13.6 0 3642
828 550 350 13.6 0 6358
947 749 510 13.6 0 9260
629 689 498 13.6 0 9044
259 474 437 13.6 0 7951
135 305 387 13.6 0 7039
216 260 362 13.6 0 6578
87 173 274 13.6 234 4747
176 175 226 13.6 0 4105
107 141 163 13.6 0 2959
91 116 140 13.6 2388 163
0 58 88 13.6 2322 -721
0 29 68 13.6 0 1231
96 63 70 13.6 0 1266
410 236 153 13.6 0 2787
198 217 140 13.6 0 2536
201 209 158 19.4 0 4097
962 585 365 19.4 0 9443
0 293 242 20.6 9834 -3195
81 187 239 20.6 0 6578
173 180 190 30.3 0 7668
120 150 221 30.3 0 8920
161 156 169 31.7 2248 4872
214 185 160 31.7 4480 2290
80 80 104 40.4 0 5586
104 92 108 47.3 0 6829
65 78 86 49.4 3441 2202
25 52 77 49.4 3443 1653
21 21 40 47.3 0 2492
196 108 84 47.3 0 5288
0 54 48 47.3 5339 -2308
0 27 42 47.3 5273 -2617
26 26 28 47.3 0 1747
26 26 38 47.3 2229 1747
0 13 21 40.5 0 1152
408 210 122 40.5 0 6599
897 554 306 40.5 997 15540
36 295 203 40.5 14321 -3380
33 33 115 33.5 8562 -3448
47 40 113 33.5 4792 252
12 12 114 32.3 2571 2360
29 21 71 26.0 2047 407
406 213 123 26.0 0 4259
318 266 155 26.0 0 5378
378 322 212 26.0 0 7351
1295 809 487 26.0 0 16870
612 710 484 26.0 2265 14478
2895 1803 1166 26.0 0 40382
637 1220 865 26.0 4545 25412
480 850 916 26.0 3022 28686
282 566 654 26.0 11499 11141
327 447 713 26.0 11445 13241
148 148 393 20.5 3181 7548
80 80 265 20.2 2281 4874
58 69 162 20.2 0 4361
0 35 109 20.2 3440 -489
46 40 59 20.2 0 1591
0 20 31 20.2 2366 -1525
0 10 24 20.2 2366 -1716
0 5 12 20.2 2366 -2036
0 3 10 20.2 2366 -2036
0 1 5 17.9 0 -2036
0 1 2 15.8 2179 -2036
0 0 1 12.6 2179 -2036
5 5 3 12.6 0 57
222 114 63 12.6 0 1052
1377 746 411 12.6 0 6911
3535 2140 1221 12.6 0 20539
166 1153 784 12.6 8735 4450
126 126 432 12.6 0 7269
230 178 422 15.7 0 8830
1463 820 858 15.7 2086 15868
216 518 510 15.7 3035 7635
1739 1129 780 15.7 0 16316
106 106 184 13.5 2334 974
120 113 381 13.5 0 6852
1397 755 537 13.5 0 9652
65 410 444 13.5 5736 2250
93 252 277 13.5 0 4977
123 187 196 13.5 0 3517
138 163 264 13.5 0 4755
113 138 179 13.5 0 3220
298 218 191 13.5 0 3443
586 402 278 13.5 0 5003
282 342 253 13.5 0 4553
1391 866 568 13.5 0 10226
5458 3162 1884 13.5 1284 32611
161 1661 1137 13.5 18239 2219
179 179 659 13.5 0 11848
884 532 757 13.5 1434 12192
344 438 836 13.5 0 15031
347 393 586 15.5 1130 11010
75 75 142 15.5 3522 -588
266 171 252 16.0 0 5373
462 317 264 16.0 0 5637
264 291 252 16.0 0 5382
603 447 315 16.0 0 6714
2609 1528 942 16.0 0 20099
475 1001 669 16.0 3173 11104
972 987 851 38.6 3156 40651
512 749 661 43.9 5806 32849
387 568 731 43.9 4853 37907
534 551 598 43.9 6148 28843
800 676 636 43.9 5553 31643
11188 5932 3634 51.6 3064 247059
1251 1251 991 45.7 91105 -30654
1328 1290 1734 45.7 0 105712
592 592 893 34.4 31963 8998
627 609 1647 34.4 0 75564
635 622 669 34.4 11621 19091
937 780 723 34.4 4710 28448
1675 1227 847 34.4 4176 34682
746 987 776 34.4 7049 28536
365 676 668 34.4 3240 27421
527 601 632 34.4 3770 25242
1378 990 846 34.4 5230 33582
924 957 790 34.4 8355 27894
296 296 451 34.4 4367 16334
628 462 500 37.2 1277 23515
177 177 352 35.3 7825 8724
173 175 316 35.3 1224 13630
68 122 160 35.3 7257 252
57 57 136 35.5 0 6456
714 385 244 35.5 0 11569
250 318 219 35.5 1410 8973
459 389 277 35.5 0 13098
1300 844 505 35.5 2042 21845
1031 938 635 35.5 1240 28805
1701 1319 878 35.5 4299 37247
154 154 361 35.3 23276 -6268
334 244 458 35.3 0 21553
2003 1124 802 35.3 3525 34210
1617 1370 988 35.3 5071 41446
711 1040 757 35.3 21911 13704
363 702 658 35.3 1183 29790
523 613 711 35.5 9364 24301
474 543 655 35.5 23748 7266
51 51 323 35.5 24244 -8930
496 273 343 35.5 0 16217
1321 797 543 35.5 2069 23613
1200 999 661 35.5 3329 27949
782 890 610 35.5 3052 25833
1321 1105 799 35.5 3601 34231
1132 1119 899 35.5 4981 37558
387 753 766 35.5 21087 15161
75 75 398 33.6 26144 -8298
250 250 444 33.6 0 19889
349 299 384 33.6 5792 11404
1181 740 539 33.6 0 24140
860 800 499 33.7 21691 760
628 714 539 33.7 0 24231
211 463 444 33.7 15236 4717
379 421 473 58.2 0 36661
856 638 558 58.2 9292 33967
2044 1341 895 58.2 31122 38297
3288 2315 1418 58.2 4396 105626
1000 1657 1212 58.2 15347 78681
991 1324 1185 58.2 9524 82437
871 1097 1139 58.2 8725 79607
904 1001 1164 67.0 13783 90166
1052 1027 1026 67.0 13443 78121
927 977 926 67.0 9400 73314
1054 1015 906 67.0 15306 65619
1092 1054 909 67.0 6243 74904
93 93 419 57.5 66806 -34692
733 413 535 57.5 0 40982
2440 1426 977 57.5 5454 69414
1442 1434 1025 67.0 8624 82895
582 582 556 62.1 19285 26718
665 623 646 62.1 6398 47063
557 590 697 62.1 17964 39746
211 211 460 54.1 31031 2142
451 331 369 54.1 0 26614
381 356 349 54.1 2571 22621
263 310 316 54.1 13186 9604
114 114 162 54.7 5901 5897
101 101 162 54.7 1209 10579
3054 1577 904 54.7 1155 64745
374 976 635 54.7 29591 16720
0 488 495 54.7 41868 -5813
40 40 247 35.5 36036 -24332
0 20 367 28.3 36036 -22196
0 10 189 10.0 36036 -22196
0 5 84 8.1 36036 -22196
62 62 41 8.1 0 438
1173 618 327 8.1 0 3521
0 309 194 8.1 0 2084
0 154 165 8.1 0 2084
0 77 121 8.1 0 1305
340 208 241 8.1 0 2591
340 274 216 8.1 0 2318
84 179 155 8.1 0 1669
238 209 168 8.1 0 1812
924 566 369 8.1 0 3967
1649 1107 674 8.1 0 7253
0 554 433 8.1 0 4658
2316 1435 953 8.1 0 10256
2421 1928 1275 8.1 0 13714
3278 2603 1820 8.1 2521 17051
979 1791 1435 8.1 3345 12089
55 55 692 7.6 9946 -2901
248 152 701 7.6 0 7140
1815 983 1039 7.6 0 10585
106 545 614 7.6 3608 2649
159 352 328 7.6 0 3337
0 176 238 7.6 2214 211
0 88 267 7.6 0 2718
277 183 220 7.6 0 2237
572 377 279 7.6 0 2843
322 350 249 7.6 0 2540
599 475 328 7.6 0 3346
2200 1337 817 20.1 0 21918
1172 1255 842 35.4 5925 33847
71 71 295 35.4 30464 -16505
93 82 324 27.1 28275 -16552
126 126 344 27.1 0 12434
863 495 472 27.1 3500 13549
519 507 314 27.1 6770 4584
702 604 411 27.1 0 14850
892 748 519 27.1 1143 17603
2881 1815 1169 27.1 1087 41142
1469 1642 1129 27.1 5955 34845
684 1163 1001 27.1 2627 33545
1900 1532 1252 27.1 3581 41642
2294 1913 1569 27.1 23647 33030
363 363 716 23.0 16149 5837
331 347 662 23.0 0 20314
613 480 628 23.0 2436 16852
521 500 611 23.0 6825 11946
169 169 227 23.0 1278 5701
734 452 381 27.2 0 13814
555 503 398 27.7 1214 13461
117 310 311 27.7 8235 3226
104 104 169 27.7 0 6245
284 194 233 27.7 0 8593
1653 923 607 27.7 0 22375
10474 5699 3304 27.7 1288 120618
541 541 637 27.2 60699 -37587
496 496 1026 27.2 0 37186
1760 1128 1150 27.2 4224 37465
1115 1121 1552 27.2 3829 52428
698 910 743 27.2 3535 23393
1773 1342 991 27.2 3155 32778
2526 1934 1367 27.7 10432 40006
764 1349 1131 32.9 6734 42866
1260 1304 1166 32.9 5072 46036
2282 1793 1441 32.9 8140 55032
763 1278 1229 32.9 7780 46091
804 1041 1071 32.9 6150 40809
684 862 935 32.9 7706 33276
1379 1121 1057 32.9 4825 41517
873 997 896 32.9 8319 30951
817 907 835 32.9 4825 31773
608 757 735 32.9 11609 20628
2472 1615 1178 32.9 2543 49085
387 387 549 33.4 15204 9236
414 400 595 33.4 0 26492
965 683 624 33.4 5147 22634
769 726 680 33.4 20395 9879
306 516 453 56.1 0 33858
554 535 483 56.1 5648 30477
521 528 493 56.1 9193 27703
431 480 461 56.1 8677 25809
1909 1194 791 71.5 3175 72249
4357 2776 1622 71.5 67503 87089
13 13 370 56.0 146206 -118579
10 10 527 31.2 144799 -122899
10 10 379 29.8 143404 -128348
9 9 379 2.7 141962 -140596
5 5 7 2.4 141225 -141203
9 9 8 2.4 139783 -139757
21 15 11 2.4 138303 -138268
21 18 12 2.4 138303 -138268
12 12 10 2.4 136677 -136645
7 7 9 2.4 135235 -135206
7 7 9 2.4 135235 -135206
7 7 8 2.4 135235 -135206
7 7 7 2.4 135235 -135206
7 7 6 2.4 0 -135206
7 7 6 2.4 2242 -135206
7 7 6 2.4 2242 -135206
7 7 6 2.4 2242 -135206
7 7 6 2.4 2242 -135206
7 7 6 2.4 0 -135206
0 4 5 2.4 138515 -138500
0 2 4 2.4 138515 -138503
1 1 3 2.4 136486 -136477
12 12 7 2.4 135044 -135020
15 15 9 2.4 133149 -133121
11 11 8 2.4 131743 -131718
12 12 9 2.4 130301 -130271
2280 1146 576 2.4 0 1854
983 1064 577 2.4 0 1857
0 532 453 2.4 0 1456
240 386 435 2.4 0 1398
0 193 405 2.7 0 1457
0 97 281 21.7 0 1457
505 301 276 37.0 0 13625
2158 1230 705 40.3 1304 36553
972 1101 666 44.0 4937 34147
1160 1131 799 44.0 11622 35263
1155 1143 884 44.0 2688 49217
875 1009 932 44.0 5373 49365
736 873 845 44.0 7768 41872
482 677 729 44.0 7459 35356
4078 2378 1559 44.0 3953 87604
2830 2604 1690 44.0 79669 19572
1300 1952 1553 44.0 3377 87779
1185 1569 1462 44.0 13507 72334
680 680 1143 44.0 10449 56677
416 548 977 44.0 50326 7038
194 371 652 40.3 0 35008
5771 3071 1920 40.3 3212 99945
407 407 508 38.4 48809 -22796
488 488 731 38.4 0 37461
535 512 610 38.4 12999 18262
143 143 605 36.6 8904 20600
4045 2094 1194 36.6 2297 55921
552 1323 865 36.6 9539 32629
3799 2561 1659 36.6 2671 78178
802 1682 1271 36.6 10520 51423
610 1146 1347 36.6 8275 57376
702 924 1068 36.6 9005 43033
805 864 1099 36.6 3334 50260
502 683 811 36.6 22987 16534
171 171 443 23.8 11043 3030
313 242 395 36.5 0 19226
1581 911 656 36.5 2099 29859
667 789 579 36.5 4472 23711
7546 4167 2267