0 0 0 0.0 16809 0
0 0 0 0.0 12491 -12491
0 0 0 0.0 12491 -12491
0 0 0 0.0 12491 -12491
0 0 0 0.0 0 0
496 248 248 0.0 0 0
148 198 198 8.0 0 2106
528 363 363 16.0 0 7726
444 404 404 23.9 5423 7461
220 312 312 30.9 5501 7350
194 253 253 38.6 4566 8463
164 208 208 46.4 7645 5228
682 445 445 54.1 9770 22323
952 699 699 61.8 24596 32987
2955 1827 1827 69.5 55622 113756
2421 2124 3341 77.3 155411 188749
116 116 0 10.9 274682 -274682
217 167 1741 10.9 223913 -198712
243 243 1331 5.6 201033 -191153
291 291 6563 6.6 161816 -103938
291 291 201 3.9 161816 -103938
264 264 191 4.0 129578 -128571
169 169 128 4.1 108837 -108144
94 94 102 4.1 49227 -48660
71 71 89 4.2 43459 -42954
29 29 50 4.3 39305 -39018
72 72 89 4.4 26978 -26452
95 83 59 5.4 25536 -25113
61 61 49 6.3 11236 -10822
82 71 56 7.3 4560 -4019
47 47 31 8.2 0 336
280 164 149 9.2 0 1821
51 107 42 10.1 0 565
51 79 78 11.1 2384 -1225
51 65 40 12.0 2384 -1225
51 58 62 13.0 2384 -1225
0 29 29 21.1 0 827
0 14 23 21.1 2206 -1558
0 7 13 21.1 2206 -1558
0 4 11 21.1 0 315
550 277 240 21.1 0 6755
203 240 99 21.1 0 2791
1806 1023 857 21.1 0 24093
82 553 165 21.1 23239 -18606
17 17 87 13.6 20658 -19075
142 142 155 13.6 0 2803
560 351 372 13.6 0 6739
199 275 231 21.1 0 6482
0 137 92 27.7 6084 -2689
874 506 422 31.1 0 17491
193 349 179 32.5 4784 2955
333 341 315 32.5 0 13621
683 512 364 32.5 9509 6249
133 322 231 32.5 0 10004
123 223 230 32.5 1288 8665
75 75 74 32.5 1244 1947
56 66 136 32.5 0 5889
126 96 105 32.5 0 4548
324 210 184 32.5 0 7966
0 105 47 32.5 7783 -5752
16 16 32 32.5 4132 -2724
37 37 45 32.5 0 1956
198 117 111 32.5 0 4793
613 365 281 32.5 0 12199
161 263 122 32.5 2283 3027
41 41 32 32.5 0 1384
577 309 284 32.5 0 12321
142 225 127 32.5 7626 -2140
64 64 98 33.4 0 4376
193 128 115 35.0 0 5350
44 86 72 35.0 0 3381
156 121 134 35.0 0 6259
98 110 68 35.0 0 3175
442 276 229 35.0 0 10705
207 241 135 48.7 0 8771
191 216 176 48.7 0 11424
574 395 300 48.7 1058 18455
829 612 448 48.7 5076 24045
149 149 45 35.0 15323 -13220
40 95 186 35.0 12116 -3427
71 71 69 35.0 3048 172
19 19 103 33.5 0 4580
132 76 87 33.5 0 3880
124 100 69 33.5 0 3087
126 113 88 33.5 0 3922
63 88 56 35.0 0 2617
603 345 279 35.0 0 13041
187 266 132 35.0 5109 1079
525 396 331 35.0 0 15450
287 341 201 35.0 3019 6371
572 457 390 37.7 0 19602
1691 1074 837 37.7 7147 34859
77 77 0 33.5 32335 -32335
95 95 331 33.5 20326 -5550
162 162 93 33.5 0 4174
182 172 283 33.5 1577 11046
182 177 130 37.6 12030 11046
182 180 131 37.6 22923 11046
1564 872 648 37.6 6567 25933
293 582 290 37.6 19245 -4702
87 87 138 33.0 4959 1120
352 219 238 33.0 0 10485
0 110 141 33.0 4808 1405
0 55 149 33.0 2239 1405
0 27 28 29.9 2239 1405
0 14 40 29.9 2239 1405
0 7 20 27.3 0 725
122 64 54 27.3 0 1965
85 75 44 27.3 0 1601
190 132 95 27.3 0 3459
172 152 93 27.3 0 3394
172 162 117 27.3 0 4252
84 123 88 28.9 0 3394
0 62 61 28.9 3466 -1102
348 205 172 28.9 0 6634
732 468 324 28.9 1318 11139
98 283 160 28.9 4650 1492
146 215 193 28.9 0 7434
245 230 178 28.9 0 6859
334 282 251 28.9 0 9650
334 308 240 28.9 8729 9650
181 244 188 28.9 6446 800
503 374 303 28.9 0 11652
755 565 407 38.0 2595 18003
629 597 430 38.0 2387 19355
157 377 284 38.0 8836 5541
1433 905 748 38.0 0 37838
0 452 275 38.0 36740 -22803
2459 1456 1176 38.0 0 59511
390 923 626 38.0 30298 1367
200 200 413 38.2 0 21002
430 315 368 38.2 4793 13908
87 87 246 31.1 6458 3740
9 9 175 23.3 8873 -3454
1404 706 494 31.1 0 20509
0 353 204 31.1 19890 -11405
135 135 200 57.7 7376 7960
116 125 71 57.7 7933 -2480
60 60 151 57.7 0 11579
141 100 136 57.7 1140 9314
709 404 280 57.7 6962 14592
61 61 30 31.1 7980 -6728
102 82 126 31.1 0 5208
204 143 76 31.1 0 3167
29 86 127 31.1 0 5268
0 43 49 31.1 4654 -2603
0 21 28 31.1 4654 -3503
0 11 32 31.1 2357 -1040
0 5 19 23.6 2357 -1771
0 3 9 21.3 2357 -2092
0 1 5 16.7 2357 -2253
4 4 5 16.7 0 101
566 285 187 16.7 0 4151
0 142 61 16.7 3377 -2014
0 71 84 16.7 3377 -1501
0 36 17 16.7 3377 -3005
139 87 107 16.7 0 2382
204 146 112 16.7 0 2491
623 384 261 16.7 0 5810
0 192 108 16.7 4998 -2602
97 145 148 16.7 0 3298
93 119 90 16.7 0 2008
72 95 132 16.7 0 2925
102 99 99 21.3 0 2823
79 89 81 21.3 0 2314
0 44 51 21.3 2249 -788
0 22 35 21.3 2249 -1246
0 11 24 21.3 2249 -1573
0 6 19 21.3 2249 -1699
0 3 10 16.7 0 214
0 1 5 14.4 4627 -4534
0 1 2 14.4 4561 -4514
0 0 1 14.4 4561 -4537
0 0 1 14.4 4561 -4549
0 0 0 14.4 4561 -4549
0 0 0 14.4 0 -4549
0 0 0 14.4 2443 -4549
10 10 6 14.4 0 119
0 5 2 14.4 2390 -2350
611 308 202 14.4 0 3872
0 154 66 14.4 3930 -2667
154 154 142 14.4 1088 1628
0 77 35 14.4 0 680
0 39 89 14.4 2224 -512
419 229 174 14.4 0 3343
0 114 79 14.4 3047 -1531
107 111 113 14.4 0 2162
45 78 47 14.4 0 898
47 62 86 14.4 0 1644
63 62 60 14.4 0 1152
0 31 39 14.4 2171 -1421
20 20 30 14.4 0 579
48 34 32 14.4 0 613
48 41 36 14.4 0 683
68 55 41 14.4 0 794
51 53 37 14.4 0 703
71 62 47 14.4 0 910
56 59 44 14.4 0 847
146 102 77 14.4 0 1478
118 110 76 14.4 0 1456
94 102 80 14.4 0 1529
0 51 45 14.4 2127 -1272
0 26 39 14.4 0 756
0 13 27 30.6 0 1092
49 31 38 48.7 0 2489
134 83 60 51.8 0 4157
92 87 57 54.2 0 4125
125 106 74 54.2 0 5364
1043 574 377 54.2 0 27231
92 333 183 54.2 20657 -7468
115 115 152 54.2 4621 6347
100 107 88 54.2 974 5375
0 54 124 56.8 5033 4352
75 75 115 56.8 0 8738
70 72 61 56.8 2877 1731
65 69 66 56.8 0 4997
45 57 46 56.8 1129 2362
54 55 50 56.8 0 3788
93 74 60 56.8 0 4551
81 77 60 56.8 1088 3478
352 215 151 60.2 0 12085
818 516 332 60.9 1192 25819
0 258 158 60.9 27061 -14208
41 41 89 60.2 16777 -9655
61 61 78 60.2 6939 -713
75 68 120 60.2 0 9621
130 99 113 60.2 1082 8024
101 100 69 60.2 1241 4294
61 80 65 60.2 1168 4044
46 63 55 60.2 0 4380
40 51 51 60.2 0 4102
89 70 63 60.2 0 5080
85 78 62 60.9 0 5032
81 80 63 62.6 0 5295
48 64 50 62.6 3241 973
42 53 48 62.6 0 4043
114 83 68 62.6 1036 4624
86 84 65 62.6 0 5415
72 78 64 62.6 0 5354
168 123 90 62.6 0 7491
87 105 77 62.6 2507 3956
76 91 79 62.6 0 6592
284 187 136 68.2 0 12319
107 147 106 76.7 2649 8155
154 151 128 82.2 1012 13048
75 75 59 76.7 4426 1657
15 15 52 67.7 2385 2273
121 68 71 67.7 0 6417
64 66 60 67.7 1193 4230
35 50 51 67.7 3433 1151
20 20 16 56.3 0 1221
52 36 38 56.3 0 2816
59 47 39 56.3 0 2892
40 44 38 67.7 0 3387
28 28 23 73.4 0 2229
43 35 31 73.4 0 2992
40 38 31 73.4 0 3021
0 19 20 60.7 2258 -615
27 23 22 60.7 0 1779
0 11 12 57.6 2262 -1363
0 6 12 51.8 0 836
39 22 18 51.8 0 1220
0 11 9 51.8 1565 -933
13 13 13 51.8 0 878
30 30 19 51.8 0 1317
0 15 12 51.8 0 818
553 284 191 51.8 0 13162
788 536 324 51.8 1288 21050
956 746 495 51.8 3768 30426
2172 1459 1017 51.8 3986 66221
502 980 659 51.8 21645 23810
745 862 792 51.8 2531 52120
644 753 600 51.8 10385 31017
596 675 714 51.8 3352 45903
605 640 601 51.8 10543 30949
983 811 708 51.8 4810 44061
441 626 542 60.1 6176 37256
1081 854 745 60.1 6609 53047
561 707 567 60.1 10034 35351
793 750 701 60.1 7000 49119
1138 944 759 63.2 12225 51756
595 770 684 63.2 15644 42023
963 866 774 63.2 10636 54634
880 873 732 63.2 9792 51901
523 698 678 63.2 10678 46515
1045 871 778 63.2 6542 59032
1117 994 842 63.2 13956 57007
534 534 551 63.5 16483 30179
1355 945 853 63.5 5497 66761
369 657 556 75.6 34113 21957
599 628 705 77.4 2917 69833
732 680 556 77.4 19695 37671
779 730 694 87.4 6840 73989
572 572 537 82.0 18618 40084
627 600 565 82.0 9347 52379
843 721 625 87.9 9964 63286
694 707 639 87.9 8757 66094
506 506 489 82.2 17099 36451
458 458 460 82.2 7429 42935
831 645 581 82.2 7260 56373
860 752 652 82.2 8874 62560
619 686 599 82.2 16150 49471
545 615 549 82.2 7195 52905
468 542 517 82.2 19647 36965
598 570 555 82.2 7995 52843
796 683 613 82.2 9484 57666
476 476 460 79.1 12742 35713
1333 905 774 79.1 9293 72312
330 330 318 77.6 40832 -7954
377 377 489 77.6 0 50607
505 441 354 77.6 9012 27679
433 437 488 77.6 4867 45644
426 426 376 77.6 9339 29551
572 499 429 77.6 5729 38691
227 227 254 75.6 19482 6153
270 270 306 75.6 0 30854
655 463 380 75.6 7711 30568
257 257 277 76.0 7857 20210
246 251 259 76.0 2281 23974
553 402 317 76.7 3552 28910
530 466 407 76.7 5213 36363
243 243 242 66.8 12468 9083
258 251 255 66.8 0 22742
287 269 252 66.8 2089 20323
541 405 372 66.8 2338 30821
177 177 175 59.1 14900 -1136
167 172 205 59.1 0 16143
154 163 153 59.1 2029 10029
1597 880 670 59.1 877 51941
224 224 172 52.4 31012 -19015
189 189 283 52.4 5498 14296
288 238 171 52.4 1611 10344
416 327 378 52.4 2429 23952
239 283 243 52.4 4412 12560
489 386 317 52.4 2913 19201
608 497 384 52.4 3295 23544
281 389 346 52.4 9287 14851
140 140 194 47.0 1282 10850
1236 688 547 52.4 2535 35661
261 474 381 52.4 15768 10862
147 147 259 46.8 8599 7560
108 108 145 41.5 3139 4885
574 341 336 41.5 0 18624
130 130 162 40.4 5316 3417
165 148 169 40.4 0 9091
0 74 73 40.4 9134 -5180
0 37 96 40.4 0 5170
1318 677 457 40.4 0 24650
180 429 282 40.4 17392 -2201
139 139 204 40.4 3453 7554
130 134 141 40.4 0 7617
161 147 212 40.4 1245 10170
255 201 212 40.4 1262 10176
369 285 219 40.4 1206 10580
415 350 265 40.4 2650 11656
816 583 427 40.4 1305 21739
530 557 422 40.4 2383 20360
2223 1390 1019 40.4 3415 51529
360 360 354 38.7 16321 1950
233 297 487 40.4 0 26289
156 226 261 40.4 12138 1950
166 196 382 40.4 0 20617
417 306 274 40.4 2114 12659
2810 1558 1043 40.4 1079 55159
335 946 665 40.4 33901 1975
232 232 395 38.7 6376 14004
106 106 240 38.3 4981 7281
203 155 392 38.3 0 20021
233 194 288 38.3 3319 11391
291 242 206 38.3 2214 8334
612 427 306 38.3 0 15619
364 396 296 38.3 3438 11680
428 412 340 38.3 1034 16328
145 145 173 42.0 1638 8043
297 221 260 42.0 0 14592
238 230 221 42.0 1252 11124
1488 859 632 42.0 2649 32785
275 567 391 42.0 8315 13589
339 453 423 42.0 3089 20619
281 367 333 42.0 2191 16478
1392 880 745 42.0 2099 39627
403 641 528 42.0 12227 17363
216 216 313 40.3 2408 14424
637 427 418 40.3 2681 19810
379 403 415 40.3 2609 19703
611 507 467 40.3 2054 23030
611 559 431 40.3 3120 20035
2009 1284 935 40.3 2233 48040
252 252 291 40.3 22763 -7122
314 283 429 40.3 0 23050
922 602 509 40.3 4663 22673
182 182 348 35.6 5771 10754
370 276 296 35.6 0 14033
2581 1428 931 35.6 2522 41648
126 777 574 35.6 37747 -10501
97 97 326 34.8 24577 -9475
80 80 238 34.8 13622 -2576
60 60 275 26.7 7167 2638
81 71 172 25.6 0 5858
92 81 72 25.6 0 2441
88 84 73 25.6 0 2475
121 103 83 25.6 0 2817
82 92 77 25.6 0 2645
36 64 66 25.6 0 2241
117 91 82 25.6 0 2786
44 67 64 25.6 0 2177
38 53 59 25.6 0 2024
64 59 55 25.6 0 1879
48 53 53 25.6 0 1801
71 62 56 25.6 0 1911
84 73 59 25.6 0 2017
155 114 86 25.6 0 2940
301 207 142 25.6 0 4863
56 132 101 25.6 0 3445
71 101 105 25.6 0 3566
66 84 87 25.6 0 2975
439 262 205 25.6 0 6990
529 395 264 25.6 0 9021
112 254 200 25.6 1375 5445
312 283 246 25.6 0 8400
176 229 212 25.6 0 7246
174 201 223 25.6 0 7611
415 308 259 25.6 0 8834
477 393 305 25.6 0 10415
169 281 245 25.6 1205 7144
327 304 275 45.1 0 16560
158 231 225 76.7 2071 20888
65 65 143 76.7 14873 -261
123 123 156 82.1 0 17067
83 103 114 82.1 9621 2865
160 132 133 82.1 0 14528
407 269 187 82.1 1055 19424
214 242 178 82.1 3158 16315
389 315 247 82.1 3097 23922
402 359 269 82.1 3606 25845
291 325 280 82.4 6488 24316
223 274 254 83.5 13076 15249
204 204 218 80.1 2749 20554
495 350 308 80.1 4766 28149
324 337 276 80.1 2749 26723
442 389 328 80.1 4135 30942
431 410 326 80.1 6282 28507
306 306 292 80.1 3917 27281
177 241 259 80.1 16062 11601
163 163 202 78.5 7891 13277
332 247 249 78.7 1440 24716
374 311 255 78.7 3310 23420
357 334 272 78.7 6712 21845
408 371 293 78.7 4649 26155
269 320 277 78.7 3764 25354
561 440 370 78.7 3057 35800
280 280 260 74.7 9400 16540
470 375 354 74.7 991 34243
286 330 285 74.7 11100 17277
274 274 288 74.7 2393 26318
254 264 252 74.7 4936 20137
98 98 154 65.8 12494 1037
216 157 189 74.7 0 18830
1947 1052 699 74.7 2338 67260
265 265 187 74.4 34842 -16252
243 243 348 74.4 2034 32459
244 244 209 69.3 9731 9560
257 250 348 69.3 0 32185
219 219 207 63.0 9654 7759
167 167 175 63.0 0 14694
310 238 214 63.0 2525 15447
437 338 263 63.0 2121 19915
470 404 307 63.0 5418 20364
160 160 169 61.8 4293 9670
205 183 214 61.8 0 17669
395 289 248 61.8 1887 18552
706 497 383 61.8 3308 28233
298 398 298 61.8 7342 17237
324 361 321 61.8 2276 24223
106 106 169 50.9 13346 -1893
180 143 224 50.9 0 15218
352 247 225 50.9 1377 13876
1484 866 592 50.9 1117 39099
344 605 392 50.9 10123 16512
524 564 493 50.9 3388 30091
332 448 402 50.9 8093 19165
376 412 470 50.9 2286 29596
283 348 371 50.9 10856 14298
987 667 552 50.9 1213 36269
479 573 456 50.9 6120 24840
521 547 492 50.9 2334 31072
377 462 419 61.9 6746 27865
462 462 466 61.9 10528 27943
302 302 340 61.9 5919 22137
279 291 333 64.6 4184 24480
1072 681 529 64.6 4054 41478
333 333 303 63.0 11328 14106
316 324 351 63.0 1205 28249
390 357 314 64.6 9822 17195
744 550 483 64.6 3499 38089
207 207 224 61.8 16085 2378
238 222 275 61.8 0 22678
447 334 291 61.8 5175 18857
395 365 331 64.6 1756 26778
217 291 255 64.6 9885 12042
282 286 264 64.6 2684 20043
183 235 238 64.6 6521 13970
243 239 244 64.6 2535 18480
235 237 223 64.6 3498 15713
357 297 258 73.1 5536 19593
119 208 195 73.1 13348 5694
189 199 203 73.1 0 19776
372 285 241 73.1 3041 20421
527 406 316 73.1 4597 26196
171 171 174 64.6 10806 4174
122 122 172 64.6 1408 13420
375 248 224 64.6 1178 18145
244 246 224 64.6 13672 5601
71 71 105 62.0 7094 1621
47 47 91 53.3 0 6491
91 69 94 53.3 0 6642
98 83 93 53.3 0 6616
87 85 71 53.3 0 5065
891 488 311 53.3 0 22067
136 312 198 53.3 12064 1973
67 67 128 44.4 6068 1524
60 63 112 44.4 0 6657
163 113 156 44.4 0 9213
114 114 122 44.4 3275 3971
224 169 128 44.4 0 7557
152 160 122 48.9 0 7928
67 114 111 48.9 1642 5593
149 131 123 48.9 0 7999
127 129 121 48.9 0 7878
128 128 121 48.9 2375 5522
74 74 82 48.9 0 5338
108 91 96 48.9 0 6262
112 101 92 48.9 0 6001
182 142 117 48.9 0 7652
142 142 110 48.9 0 7202
324 233 174 48.9 0 11365
358 296 211 48.9 2406 11374
209 252 205 48.9 1399 11973
403 328 264 48.9 2583 14660
85 85 124 43.5 8661 -1452
106 96 160 43.5 0 9250
110 103 117 43.5 2683 4096
83 93 119 43.5 0 6881
160 127 105 48.9 0 6828
297 212 155 60.0 0 12361
131 171 134 60.0 3770 6969
84 84 98 60.0 0 7794
243 164 148 60.0 0 11791
198 181 152 60.0 2647 9501
98 98 108 60.0 0 8637
333 215 172 62.5 0 14354
220 218 168 64.2 3165 11213
398 308 243 64.2 5243 15542
303 305 229 64.2 1302 18324
819 562 416 64.2 4777 30860
527 545 400 64.2 6638 27616
200 200 251 62.5 9578 11311
502 351 355 62.5 1310 28217
278 315 305 62.5 7435 17990
223 269 296 62.5 6715 17915
333 301 262 64.2 2338 20117
487 394 331 64.2 3962 24337
204 204 214 62.5 4210 13597
357 281 275 62.5 2506 20438
680 481 366 62.5 5197 25323
211 211 222 61.4 9790 8386
231 221 246 61.4 0 20108
393 307 264 61.4 4936 16662
436 371 325 61.4 4456 22199
152 152 168 61.4 5569 8197
144 148 187 61.4 0 15355
192 170 176 61.4 2451 11941
415 292 252 61.4 1293 19350
253 273 208 61.4 4094 12968
173 223 201 61.4 3950 12497
150 186 183 61.4 1241 13751
128 157 175 61.4 5763 8607
93 125 147 61.4 6903 5108
185 155 153 61.4 0 12500
1033 594 402 61.4 2117 30821
189 189 147 56.9 13443 -2267
263 226 255 56.9 0 19327
490 358 274 56.9 3191 17645
1937 1147 800 56.9 2196 58551
263 263 224 49.7 29078 -14231
159 159 329 49.7 12648 9157
150 150 231 47.1 0 14471
1413 781 635 47.1 1865 37981
267 267 207 46.5 9652 3186
290 279 307 46.5 0 19002
480 379 333 46.5 3570 17052
135 257 295 46.5 7323 10975
165 165 202 46.5 2280 10229
214 189 207 46.5 1196 11628
619 404 317 46.5 1043 18608
1489 947 611 46.5 5625 32230
305 305 257 46.5 5853 10070
317 311 375 46.5 0 23259
399 355 367 46.5 7138 15611
542 448 432 46.9 3801 23241
281 365 317 46.9 2348 17484
444 404 359 46.9 3079 19423
242 323 313 46.9 4545 15018
658 491 419 46.9 3725 22499
149 149 204 45.2 8431 3835
141 145 229 45.2 0 13768
522 333 288 45.2 2697 14628
3265 1799 1116 45.2 1999 65238
201 1000 622 45.2 52554 -15116
163 163 388 41.4 25441 -4017
179 179 476 41.4 0 26262
181 180 438 37.6 10210 11757
126 153 238 35.4 20039 -8776
66 66 95 34.8 4803 -406
47 47 85 35.4 0 4015
81 64 80 35.4 0 3763
58 61 63 35.4 0 2997
234 148 105 35.4 0 4948
42 42 40 35.4 0 1875
1541 791 490 35.4 0 23169
307 549 320 35.4 16123 -988
49 49 150 34.2 7981 -1124
30 30 179 27.5 2027 4530
56 56 178 27.5 0 6536
108 82 115 27.5 0 4230
251 166 110 27.5 0 4040
54 110 79 27.5 0 2884
114 112 100 27.5 0 3659
200 156 128 27.5 0 4674
395 275 200 27.5 0 7317
797 536 348 27.5 0 12749
130 333 243 27.5 3420 5465
281 307 290 27.5 0 10633
158 233 254 27.5 1234 8085
261 247 272 27.5 0 9963
326 286 258 27.5 0 9455
331 309 262 27.5 3055 6548
111 210 203 27.5 0 7429
562 386 317 27.5 0 11624
179 283 243 30.7 3882 6053
125 204 220 30.7 0 9027
467 336 289 30.7 2476 9374
644 490 373 30.7 0 15273
241 366 296 38.9 1276 14065
305 335 310 38.9 7145 8911
305 320 312 38.9 15988 8911
353 337 324 38.9 1089 15674
142 239 247 38.9 4357 8455
128 128 183 44.4 0 10849
570 349 301 44.4 1207 16617
941 645 442 44.4 2137 24012
937 791 530 51.0 3735 32350
418 604 468 71.7 5307 39469
242 242 335 71.7 14572 17473
225 225 359 73.3 4043 31015
283 254 322 70.5 7857 22369
296 296 288 70.5 2241 24859
977 637 449 70.5 4077 38104
532 584 412 70.5 10162 28509
348 466 402 70.5 6626 31127
214 214 285 65.8 8019 16936
314 264 343 65.8 1241 28810
866 565 465 65.8 5326 35479
275 275 252 58.4 13661 5930
265 270 280 58.4 0 21802
548 409 352 58.4 5464 21956
803 606 472 58.4 3629 33098
733 670 487 58.4 8884 29081
646 658 520 58.4 6501 33992
447 552 502 58.4 8693 30398
955 754 654 58.4 5692 45232
342 342 392 53.1 16452 11291
610 476 506 53.1 1019 34808
731 603 521 53.1 9702 27225
241 241 309 52.2 5366 16141
270 256 314 52.2 2457 19409
385 321 324 52.2 3372 19178
1670 996 705 52.2 2156 46953
229 612 420 53.1 36286 -6518
244 244 326 53.1 6312 16774
227 236 352 53.1 1262 23637
163 199 320 53.1 10661 11968
127 127 196 52.2 6617 7002
118 118 144 53.1 0 10202
1110 614 422 53.1 1711 28168
168 391 257 53.1 11814 6376
108 108 164 51.7 3844 7468
136 122 197 51.7 0 13574
96 109 184 51.7 5823 6826
64 64 107 45.8 3912 2609
43 53 69 45.8 0 4204
83 68 72 45.8 0 4378
0 34 44 45.8 0 2663
101 67 61 45.8 0 3716
240 154 105 45.8 0 6435
241 197 131 45.8 0 7989
86 142 108 45.8 968 5638
117 130 122 45.8 0 7439
389 259 205 45.8 0 12502
196 228 178 45.8 3553 7336
164 196 173 45.8 0 10551
463 329 259 45.8 1204 14622
188 258 218 45.8 2624 10725
123 123 155 45.8 0 9480
540 332 282 47.0 0 17677
164 248 212 47.0 3714 9568
477 362 294 47.0 0 18424
207 285 234 47.0 6345 8333
99 99 162 42.2 0 9100
264 181 208 42.2 0 11684
328 255 226 42.2 1209 11491
275 265 215 42.2 8391 3689
74 74 99 42.2 0 5548
210 142 165 42.2 0 9294
313 228 193 42.2 0 10877
143 185 158 42.2 1519 7385
50 50 77 41.3 2527 1739
29 40 87 41.3 0 4778
56 48 78 41.3 0 4282
61 54 62 46.9 0 3880
439 247 160 46.9 0 9993
33 33 26 41.3 6750 -5342
45 45 73 41.3 2023 1983
30 37 54 41.3 0 2981
33 35 58 41.3 0 3172
63 49 41 41.3 0 2249
51 50 41 41.3 0 2277
0 25 28 41.3 2188 -672
18 18 26 41.3 0 1420
0 9 19 35.3 2202 -1323
36 23 24 35.3 0 1118
0 11 12 35.3 1839 -1292
118 65 44 35.3 0 2068
304 184 110 35.3 0 5195
357 271 165 35.3 0 7753
97 184 131 35.3 0 6176
304 244 201 35.3 0 9451
714 479 346 35.3 1154 15121
1183 831 557 35.3 3146 23035
569 700 495 35.3 4748 18515
785 742 609 35.3 2290 26362
164 453 473 35.3 14251 8011
247 350 458 46.2 0 28194
331 340 402 46.2 10555 14195
505 422 415 46.2 1279 24256
504 463 392 46.2 5049 19077
242 353 324 50.9 4580 17368
267 310 315 51.0 2003 19440
895 602 489 51.0 2767 30502
355 479 391 51.0 7352 19214
447 463 414 51.0 3365 24769
194 328 338 59.7 11445 15441
194 261 323 59.7 25392 15441
194 228 270 64.3 39414 15441
194 211 237 65.7 54624 15441
194 202 206 65.7 68660 15441
85 144 159 65.7 32550 -18666
149 146 156 69.3 22437 -8013
37 37 79 67.4 15355 -8224
50 50 86 69.0 8220 -309
90 70 75 69.0 0 6895
92 81 73 70.4 1346 5493
23 23 29 69.0 3396 -700
59 41 48 69.0 0 4373
0 20 29 61.3 3341 -953
28 28 33 61.3 0 2705
75 51 39 61.3 0 3173
189 120 80 61.3 0 6552
70 95 64 61.3 1440 3802
41 41 46 61.3 0 3769
0 21 41 44.7 3755 -1291
36 28 44 44.7 0 2636
159 93 72 44.7 0 4301
76 85 57 44.7 0 3419
147 116 84 44.7 0 5027
293 205 141 44.7 0 8428
333 269 187 44.7 1231 9928
151 210 164 44.7 1260 8529
66 138 145 44.7 2758 5865
73 73 116 44.7 0 6916
332 202 188 44.7 1354 9824
580 391 272 44.7 1089 15140
97 244 181 44.7 5633 5138
100 100 133 44.7 0 7951
93 97 148 44.7 2195 6634
76 76 123 44.7 0 7307
146 111 114 44.7 1669 5121
66 66 66 44.7 0 3942
103 85 82 49.8 0 5443
60 72 68 49.8 1107 3406
34 34 48 49.3 0 3160
75 54 57 49.3 0 3733
87 70 61 50.3 0 4086
69 70 58 50.3 0 3873
710 390 249 51.2 0 17026
148 269 167 51.2 9873 1501
65 65 99 50.3 2211 4397
74 69 122 50.3 0 8160
98 84 125 50.3 0 8409
53 68 84 50.3 4808 815
473 271 185 51.2 0 12635
71 171 116 51.2 7944 -52
79 125 123 51.2 0 8380
178 151 142 51.2 0 9721
97 97 116 51.2 0 7928
278 188 161 51.2 0 11003
162 175 139 51.2 1237 8224
193 184 156 51.2 2142 8507
169 177 151 51.2 2194 8137
115 146 144 54.2 1021 9377
24 24 71 51.1 6734 -1915
69 69 99 51.1 0 6730
103 86 86 51.1 0 5831
65 76 71 51.1 0 4807
608 342 223 51.1 0 15208
126 234 152 54.0 7814 3108
134 184 167 54.0 3134 8879
68 68 106 48.9 3670 3246
70 70 126 48.9 4628 3597
70 70 92 48.9 7583 3597
85 77 81 53.1 3297 2420
566 322 214 53.1 0 15134
173 247 159 53.1 7017 4268
81 81 100 49.9 1104 5524
172 127 146 49.9 0 9725
52 52 97 40.6 4474 747
90 71 95 49.9 0 6311
60 66 64 49.9 2135 2150
47 56 61 49.9 0 4032
96 76 65 49.9 0 4337
190 133 99 49.9 0 6569
83 108 83 49.9 0 5492
125 117 98 49.9 0 6514
138 127 108 49.9 0 7161
133 130 115 49.9 0 7627
322 226 171 49.9 0 11399
219 223 167 49.9 3514 7611
74 74 94 43.8 1411 4072
44 44 91 43.8 0 5314
59 51 86 43.8 0 5008
66 59 72 46.7 0 4466
204 131 96 46.7 0 5985
504 318 203 46.7 0 12617
409 363 234 46.7 1040 13530
202 283 218 46.7 3789 9794
119 119 155 46.7 0 9632
266 192 221 46.7 1085 12639
1054 623 451 50.5 6737 23637
1054 839 549 50.5 30225 23637
121 480 371 50.5 49190 -24219
140 140 261 46.7 1211 14998
254 197 332 46.7 3980 16655
172 185 265 46.7 4007 12446
250 217 220 46.7 2396 11297
1191 704 477 46.7 1725 27916
659 682 449 53.7 5218 26873
157 157 202 46.7 16622 -4073
205 181 289 46.7 0 17959
230 205 283 46.7 5937 11656
196 201 234 46.7 2594 11984
98 149 144 46.7 7753 1211
139 144 148 46.7 0 9230
259 201 179 46.7 1205 9898
2082 1142 743 46.7 2571 43667
173 173 107 43.5 28536 -22318
149 149 283 43.5 9995 6437
128 128 222 43.5 0 12889
179 154 265 44.5 0 15736
291 222 178 44.5 1379 9199
169 196 158 44.5 0 9380
1861 1029 665 44.5 1513 37951
185 185 136 37.5 17331 -10534
224 205 302 37.5 0 15107
1973 1089 764 37.5 1138 37015
246 667 520 37.5 16625 9349
170 170 286 34.7 2782 10469
177 173 318 34.7 1158 13562
588 381 431 34.7 2683 17297
496 438 361 34.7 1303 15427
98 98 132 32.1 6082 -419
78 88 172 32.1 0 7384
592 340 294 32.1 0 12576
2140 1240 786 32.1 2412 31253
113 676 401 32.1 23743 -6567
213 213 330 32.1 0 14137
356 285 423 32.1 2222 15870
197 241 374 32.1 1344 14651
139 190 245 32.1 7745 2735
126 158 172 32.1 0 7382
390 274 239 32.1 0 10220
459 366 271 32.1 0 11603
400 383 285 32.1 2290 9930
495 439 340 32.1 9111 5426
153 153 192 32.1 0 8239
382 267 299 43.8 0 17465
179 223 226 43.8 4182 9020
327 275 259 43.8 0 15131
484 379 286 43.8 1248 15452
159 269 233 43.8 6456 7175
93 93 152 39.1 0 7950
276 185 215 39.1 0 11195
81 81 122 39.6 2067 4352
205 143 150 39.6 0 7935
63 103 93 39.6 2611 2295
0 51 77 39.6 0 4067
86 69 77 44.5 0 4547
43 43 56 44.5 0 3321
110 77 71 44.5 0 4199
85 81 62 44.5 0 3690
50 65 58 50.2 1299 2602
77 71 63 50.2 0 4237
79 75 67 50.2 0 4493
955 515 326 50.2 0 21814
251 383 221 50.2 8604 6205
146 146 163 50.2 0 10912
175 161 204 50.2 1098 12561
373 267 268 50.2 1609 16341
166 216 197 54.3 4255 10000
145 180 169 54.3 1199 11042
911 546 390 54.3 1051 27144
150 150 137 44.5 13326 -5197
152 151 212 44.5 0 12613
66 66 125 39.7 5457 1180
87 77 145 39.7 0 7692
170 123 110 39.7 0 5830
302 212 154 39.7 0 8154
389 301 199 39.7 0 10536
1813 1057 661 39.7 1140 33836
272 664 413 39.7 13486 8394
299 482 471 53.6 0 33661
266 374 431 53.6 12365 18476
454 414 487 55.8 4925 31270
260 260 311 55.1 7367 15520
133 133 220 52.3 4063 11280
70 70 156 42.3 4721 4064
181 125 162 42.3 0 9159
301 213 172 42.3 1139 8562
209 211 155 42.3 0 8715
74 142 126 42.3 2080 5016
143 143 144 42.3 0 8108
252 197 175 42.3 0 9877
210 203 169 42.3 1256 8290
151 177 154 42.3 0 8707
138 157 150 42.3 0 8463
251 204 182 42.3 0 10246
687 446 317 42.3 1105 16782
148 297 218 42.3 5155 7140
196 246 237 42.3 0 13386
525 386 326 42.3 2445 15942
3144 1765 1148 42.3 1321 63421
273 273 198 41.6 33278 -22286
352 352 536 41.6 0 29758
578 465 521 52.3 10806 25521
205 335 457 52.3 18099 13740
252 252 270 52.3 3393 15426
2796 1524 994 52.3 2040 67267
479 1001 637 52.3 36549 7825
362 682 661 52.3 0 46084
340 340 514 50.5 12063 2253