0 0 0 0.0 16743 -16743
0 0 0 0.0 16743 -16743
0 0 0 0.0 16743 -16743
0 0 0 0.0 16743 -16743
0 0 0 0.0 0 0
54 27 27 0.0 0 0
125 76 76 28.2 0 2848
52 64 64 16.8 0 1426
65 64 64 25.2 0 2159
80 72 72 33.6 0 3222
0 36 36 25.0 3141 -1942
0 18 18 30.0 3141 -2421
0 9 9 35.0 3141 -2721
7 7 7 40.0 0 380
58 33 33 45.0 0 1965
42 37 35 50.0 0 2322
0 19 18 50.0 2196 -967
19 19 11 50.0 0 762
82 51 51 50.0 0 3433
82 66 65 50.0 0 4300
0 33 18 50.0 4345 -3132
40 40 52 50.0 0 3499
31 31 6 50.0 0 407
42 42 52 50.0 0 3435
71 57 51 50.0 837 2552
143 100 110 50.0 0 7315
55 78 59 50.0 2582 1339
0 39 36 50.0 0 2380
172 105 117 50.0 0 7801
369 237 253 50.0 3442 13445
487 362 429 50.0 15094 13526
23 23 0 50.0 20343 -20343
88 55 228 50.0 15733 -563
32 32 676 39.2 12412 22915
20 20 68 12.2 33182 -32075
35 35 31 13.1 29130 -28598
0 17 17 46.4 29130 -28071
0 9 10 46.4 29130 -28514
0 4 9 40.5 29130 -28668
17 17 15 40.5 20633 -19827
28 23 16 40.5 19069 -18226
40 31 20 40.5 17359 -16278
87 87 57 40.5 5701 -2624
107 97 63 40.5 3563 -153
30 63 43 40.5 0 2342
102 83 68 40.5 0 3651
855 469 376 40.5 0 20321
1158 813 886 40.5 5140 42727
1152 983 1086 40.5 16982 41731
503 743 576 40.5 7741 23408
220 220 0 35.8 4353 -4353
581 400 987 35.8 0 47070
73 237 344 23.0 43733 -33205
138 138 68 23.0 29998 -27914
138 138 129 23.0 20587 -16630
183 183 181 23.0 0 5529
338 260 245 23.0 0 7491
338 299 259 23.0 6664 7491
261 280 227 23.0 0 6961
173 226 179 23.0 0 5494
1156 691 730 23.0 0 22367
1819 1255 1358 23.0 3511 38095
1209 1232 1010 23.0 25662 5285
739 986 814 36.8 0 39881
202 594 434 39.9 24953 -1840
120 120 0 39.9 11663 -11663
362 241 493 39.9 0 26215
938 589 823 39.9 14711 29073
480 534 450 39.9 8704 15270
501 518 447 39.9 4070 19734
452 485 378 39.9 2308 17810
247 366 320 39.9 1916 15112
287 326 331 39.9 1076 16543
177 252 230 39.9 2400 9860
313 282 323 39.9 0 17169
278 280 263 39.9 7640 6362
153 216 191 39.9 0 10189
199 208 202 39.9 2318 8441
183 195 183 39.9 7785 1949
0 98 71 39.9 0 3776
669 383 487 39.9 0 25936
177 280 163 39.9 18632 -9945
189 235 229 52.0 0 15897
391 313 267 57.1 3448 16875
414 363 360 64.2 4235 26578
261 312 267 64.2 6368 16449
238 275 238 64.2 1479 18920
326 301 291 64.2 11893 13013
214 257 233 64.2 1293 18679
414 335 355 64.2 5565 24827
222 279 221 64.2 14135 4791
193 236 225 64.2 0 19283
229 232 214 64.2 6355 11971
102 167 152 64.2 11340 1700
0 84 78 57.2 12972 -7025
0 42 52 54.7 12972 -9196
0 21 42 54.7 12972 -9196
0 10 31 53.6 0 2246
509 260 330 53.6 0 23577
277 268 196 53.6 4915 9090
212 240 198 53.6 2374 11771
1308 774 831 53.6 12722 46613
0 387 156 52.7 53776 -42807
681 534 548 52.7 50229 -11703
113 113 2 46.0 35483 -35339
159 159 208 46.0 12928 -203
327 243 279 46.0 0 17119
299 271 330 46.0 2700 17547
335 303 254 46.0 4308 11270
280 291 244 46.0 3692 11263
434 362 328 46.0 10379 9691
381 372 338 46.0 1197 19539
1102 737 698 46.0 2221 40555
312 312 261 44.2 9170 6215
306 309 209 44.2 0 12327
396 352 332 44.2 1353 18195
540 446 501 44.2 7371 22142
383 415 373 44.2 10547 11457
0 207 162 44.2 21281 -11744
288 248 225 44.2 19131 -5869
246 247 276 44.2 0 16274
1378 813 791 44.2 2266 44362
346 579 524 44.2 16489 14426
467 523 354 44.2 1333 19557
1021 772 655 44.2 9940 28654
445 609 626 44.2 8825 28065
277 443 395 46.4 7171 17266
365 404 372 54.7 4359 22765
256 330 373 54.7 6138 21042
266 298 319 54.7 4442 18839
272 285 286 54.7 15455 5415
1030 658 625 54.7 0 45526
351 504 461 69.2 29493 13082
424 464 380 69.2 4006 31076
340 402 338 73.0 9164 23703
502 452 461 73.0 8547 36298
293 293 295 70.0 6216 21311
602 447 422 70.0 7115 32310
676 562 532 70.0 8944 40681
569 565 523 70.0 15045 33771
485 525 446 70.0 20584 21095
849 687 624 70.0 5012 53272
360 360 354 63.0 19178 10518
303 303 287 70.0 1079 25729
322 313 326 70.0 11392 19045
411 362 404 70.0 7887 29862
373 367 349 70.0 14018 18550
289 328 299 70.0 12700 15172
289 308 283 73.0 26723 15172
615 462 433 73.0 21661 20457
615 538 502 73.0 41838 20457
615 577 512 73.0 62738 20457
615 596 519 78.9 82853 20457
640 618 564 78.9 3174 56132
360 360 341 70.0 20515 11374
370 370 359 70.0 27496 6065
370 370 391 78.2 33429 6065
370 370 392 78.2 39203 6065
698 534 494 78.2 0 51477
253 393 369 78.1 34216 4162
191 191 172 63.8 14168 483
160 160 163 63.8 12726 1138
0 80 143 63.0 0 12008
256 168 202 63.0 1091 15892
615 392 371 63.0 3282 27842
292 342 307 63.0 6077 19698
372 357 282 63.2 4644 19136
428 392 333 63.2 21927 6088
428 410 391 63.2 27505 6088
428 419 385 63.2 32934 6088
428 423 390 63.2 38048 6088
428 426 398 63.2 43703 6088
428 427 402 78.1 49398 6088
428 427 404 78.1 54616 6088
459 443 419 78.1 39509 4115
459 451 426 78.1 43101 4115
459 455 428 78.1 47141 4115
459 457 429 78.1 50898 4115
459 458 433 78.1 54649 4115
0 229 228 62.7 30016 -10932
0 114 131 52.7 30016 -10932
0 57 104 51.6 0 7179
0 29 94 50.0 6239 7179
421 225 238 50.0 6895 8953
650 438 407 50.0 2137 25007
510 474 403 50.0 26502 350
227 350 256 50.0 0 17091
273 312 258 50.0 11464 5731
5354 2833 2654 50.0 0 177027
335 335 1390 48.5 123469 -33679
294 294 730 42.1 82752 -41786
253 253 422 33.9 53618 -34585
211 211 698 33.9 34433 -2897
330 271 235 33.9 0 10613
455 363 281 33.9 0 12667
327 345 286 33.9 6183 6743
248 297 265 33.9 0 11983
339 318 277 33.9 2201 10295
1281 799 519 33.9 2319 21134
504 652 531 33.9 6273 17691
436 544 486 33.9 18494 3451
174 359 392 33.9 0 17703
425 392 413 33.9 1177 17461
683 537 456 33.9 10629 9948
391 464 425 33.9 0 19199
771 617 480 33.9 10369 11318
804 710 561 33.9 1350 23966
250 480 487 33.9 12548 9444
585 532 480 33.9 2428 19256
2564 1548 1005 33.9 4189 41178
434 991 898 33.9 9188 31333
708 850 811 33.9 11136 25468
491 670 712 38.3 3081 33294
466 568 696 38.3 12763 22788
396 482 540 38.3 28965 -1357
441 462 481 38.3 0 24574
1401 931 685 38.3 3533 31454
1311 1121 846 38.3 13630 29588
684 903 793 38.3 7886 32622
699 801 747 48.9 9877 38851
523 662 706 67.3 9390 54031
400 400 546 68.0 20376 29114
269 269 389 68.0 17890 17362
575 422 410 73.4 7464 32689
1395 908 655 73.4 21604 42435
464 686 583 73.4 12700 44358
377 377 416 68.8 14804 23391
448 412 420 68.8 6214 32327
517 464 476 68.8 8345 35275
301 383 398 68.8 16102 20375
186 186 252 63.8 14439 7037
409 297 284 63.8 0 24184
1272 784 541 63.8 3137 42896
329 557 474 63.8 9583 30722
178 178 269 55.9 12846 7173
206 206 263 55.9 0 19581
218 212 278 55.9 5265 15445
117 117 178 49.0 11491 124
123 120 128 49.0 0 8358
161 140 135 49.0 0 8786
166 153 139 49.0 0 9051
294 224 169 49.0 0 11017
383 303 222 49.0 7317 7173
140 140 155 49.0 0 10130
396 268 215 49.0 2286 11759
433 351 273 49.0 1145 16700
523 437 338 49.0 2142 19939
501 469 364 49.0 4842 18903
578 523 424 49.0 10431 17252
408 465 418 49.0 3372 23898
306 386 384 49.0 7852 17232
266 326 344 49.0 6569 15922
996 661 511 61.5 6002 35908
638 649 530 61.5 14745 28760
785 717 582 61.5 7904 39851
836 777 639 61.5 12432 39995
751 764 683 61.5 31413 24623
911 837 731 61.5 13290 46679
898 867 769 61.5 11414 51638
712 790 743 61.5 24018 36924
632 711 696 66.9 31063 31000
498 604 631 66.9 9418 46815
501 552 580 66.9 29063 22622
455 504 523 66.9 11790 34878
988 746 630 75.9 10276 53453
683 715 625 79.4 9787 56399
505 505 519 79.4 10419 44508
515 510 503 84.4 8325 48331
470 490 500 86.6 10234 47433
502 502 487 86.6 9034 47174
477 489 457 86.6 7340 45437
816 653 545 86.6 3888 59028
385 385 418 84.4 22362 24709
705 545 485 86.6 4165 51869
665 605 525 86.6 11668 48892
551 578 532 86.6 10578 50879
679 628 543 86.6 7257 55386
435 435 464 84.4 16403 35834
300 300 375 80.7 24422 15938
308 308 346 80.7 6466 30694
357 332 341 80.7 7288 29427
544 438 372 80.7 4109 35941
1062 750 543 80.7 6831 51532
537 644 536 80.7 12422 45221
331 331 387 79.2 13733 27173
422 377 397 79.2 4614 37360
1217 797 636 79.2 9062 58133
619 708 607 79.2 9843 54241
598 653 571 79.2 11530 48814
486 570 547 79.2 14128 43615
550 560 569 79.2 7727 52429
541 550 542 79.2 12196 45014
347 347 415 70.1 13637 25169
385 366 391 70.1 3792 32760
356 361 371 70.1 10842 23810
403 382 368 70.1 2328 32078
738 560 446 70.1 5245 36415
1138 849 630 70.1 4319 54593
644 747 624 70.1 10555 47792
682 714 635 70.1 8179 51211
732 723 669 70.1 16299 46185
502 613 631 70.1 7160 51821
596 604 601 78.6 7412 55544
490 490 523 78.6 9420 45365
615 552 537 78.6 11670 44643
489 521 504 78.6 13590 39208
262 262 353 64.6 17795 12566
363 313 340 64.6 2577 26645
211 262 299 75.8 11251 18943
232 232 260 75.8 3459 22839
309 270 248 75.8 4353 20749
382 326 283 75.8 2013 26625
395 361 305 75.8 7911 22899
225 225 238 72.7 5010 18025
688 456 361 76.7 2026 34950
293 375 339 76.7 9222 25494
633 504 417 76.7 8136 34526
623 564 459 76.7 5840 41077
459 512 469 76.7 6999 40962
465 488 454 76.7 10860 35613
375 375 402 76.7 6290 34859
550 463 439 76.7 12655 32245
474 468 435 77.5 7614 37342
280 280 329 76.7 12861 20762
361 320 323 76.7 4170 28844
508 414 373 76.7 4098 34075
376 395 366 76.7 6739 30662
387 391 351 76.7 6008 29924
533 462 399 76.7 6523 34328
682 572 478 76.7 6779 42130
442 507 459 76.7 11177 35758
434 471 445 76.7 4592 40937
793 632 540 76.7 22226 33044
407 519 501 76.7 6182 45062
316 316 379 72.8 15817 20980
271 271 326 70.7 5100 25679
496 384 376 73.5 4222 32604
420 402 369 73.5 4641 31545
536 469 394 73.5 6601 32020
327 398 366 73.5 7469 28412
286 286 315 73.5 6902 23974
325 305 313 73.5 7110 23584
443 374 347 73.5 6892 27070
443 409 360 77.4 33640 27070
316 363 334 77.4 14908 19524
391 377 346 77.4 2685 33034
516 446 393 77.4 6016 34484
998 722 558 77.4 9451 48076
357 357 387 70.7 23361 13097
621 489 450 70.7 6096 36304
591 540 486 70.7 7587 38286
715 628 559 70.7 12755 39953
693 660 562 70.7 15118 37862
927 794 667 77.4 6416 62438
607 700 646 77.4 15858 50747
548 548 573 77.4 33196 25915
978 763 681 77.4 6246 63975
583 673 649 77.4 23246 43738
622 648 624 77.4 7426 56955
698 673 625 77.4 8182 56300
839 756 690 77.4 10889 60301
761 758 692 77.4 14398 57043
657 708 671 77.4 14937 54322
650 679 658 77.4 11553 56357
691 685 663 84.2 17232 57242
703 694 663 95.7 18719 65875
580 580 593 87.2 20963 47990
498 498 532 84.8 11756 48381
365 365 437 83.5 11085 37534
745 555 514 83.5 10445 46762
798 677 574 84.8 12020 52966
731 704 603 84.8 8808 59460
508 508 506 84.1 10257 46489
473 490 506 84.1 11839 44902
410 410 456 83.8 6215 44715
379 379 416 82.9 6627 39399
370 374 380 82.9 14399 27616
782 578 484 82.9 4191 49318
1019 798 621 84.0 12720 56845
527 527 506 84.0 11525 45177
727 627 567 84.0 10991 52447
671 649 604 84.0 8053 59619
539 594 590 84.0 14610 51508
567 581 556 84.0 10122 52092
523 552 546 84.0 20397 40689
629 591 562 84.0 4615 58277
550 570 545 84.0 16115 44895
581 576 546 84.0 8234 52882
477 477 488 84.0 13349 41311
495 486 486 84.0 8405 45964
529 508 488 84.0 11541 43101
407 407 428 83.4 10831 36789
412 410 410 83.4 9725 35851
691 550 483 83.4 5460 48236
655 603 524 83.4 13747 44558
578 590 525 83.4 6951 51478
569 580 533 83.4 12286 46999
890 735 638 83.4 19770 51227
682 708 645 84.1 12157 60191
688 698 649 84.1 9392 63392
750 724 670 84.1 9587 65579
575 649 645 84.1 24976 47361
687 668 646 84.6 19747 53169
623 645 629 84.6 9917 61089
563 604 603 87.1 20071 49882
633 619 597 89.6 17758 53603
381 381 460 87.1 20549 32859
452 416 449 87.1 7625 44480
681 549 502 87.1 7568 50766
533 541 501 90.2 31200 29092
694 617 533 90.2 4401 59653
624 621 556 90.2 16862 49976
695 658 599 90.2 10237 61797
503 581 564 90.2 14373 53460
533 533 541 90.2 16145 48868
609 571 553 90.2 15192 51251
575 573 552 90.2 10073 56346
613 593 556 90.2 11002 55817
529 561 537 94.1 17805 49655
543 543 530 94.1 14086 52397
589 566 539 94.1 7154 60543
402 402 447 94.1 22085 34042
347 347 394 89.2 17011 29886
316 316 355 80.0 7717 30107
871 593 495 80.0 3265 49562
725 659 540 80.0 11252 46284
734 696 586 80.0 13885 48584
653 675 600 80.0 9650 54306
513 513 544 80.0 14601 43358
592 552 556 80.0 7896 51405
737 645 602 80.0 8451 55719
620 632 595 80.0 14620 48841
634 633 587 80.0 8124 54482
710 672 619 80.0 11855 54182
572 622 605 80.0 11195 53291
600 611 595 80.0 8244 55202
690 650 615 85.0 10124 59527
554 554 564 85.0 13126 50787
440 440 485 80.0 12905 38836
617 529 516 80.0 8585 46441
562 546 523 80.0 8645 47128
526 536 508 80.0 10147 44094
464 464 461 80.0 5845 43291
516 490 478 80.0 5517 45487
744 617 549 80.0 12764 45762
522 569 532 80.0 14799 41941
704 637 571 80.0 8082 52808
544 591 559 80.0 13067 46596
811 701 635 80.0 8504 59230
568 634 604 80.0 6292 58183
547 547 561 80.0 12442 47445
446 446 489 80.2 8161 44126
777 611 573 85.0 3687 61241
528 569 545 89.7 19575 45572
301 301 384 84.9 18424 25040
652 476 451 84.9 3223 47859
474 475 461 84.9 18500 33633
334 334 373 79.3 9757 29655
1504 919 672 79.3 4568 66398
253 253 372 77.5 38773 -355
270 262 345 72.4 13757 19587
711 486 421 72.4 2001 38637
916 701 599 72.4 6799 50995
533 617 520 72.4 12009 38191
749 683 587 72.4 5582 51032
661 672 621 72.4 7543 52371
599 636 625 72.4 13687 46657
553 594 591 72.4 11228 45839
454 524 550 72.4 14783 38320
694 609 582 72.4 9776 46417
377 377 447 69.8 14256 27345
822 600 544 69.8 3363 47292
1087 843 681 69.8 29424 33981
744 794 699 69.8 7096 57963
611 702 654 69.8 8632 52274
557 630 640 69.8 13208 46396
509 569 614 69.8 7000 50172
596 583 596 69.8 15422 40016
701 642 609 69.8 6796 49872
569 605 584 69.8 14323 39995
783 694 630 69.8 10630 47979
593 644 613 69.8 9620 47438
1238 941 790 69.8 8548 64934
922 931 815 69.8 10429 65458
575 575 649 70.5 8419 52526
545 560 613 70.5 10320 47268
534 547 602 70.5 10494 46090
438 492 543 70.5 7778 43275
715 604 556 70.5 10641 41566
739 671 598 80.6 8757 55554
391 531 532 85.8 24844 36087
564 547 534 85.8 10296 50806
217 217 351 80.6 27857 9911
314 314 371 80.6 1169 38694
284 284 315 76.1 7559 24431
302 293 308 76.1 7032 24222
363 328 292 76.1 3183 26426
1799 1063 725 76.1 11493 62041
411 737 622 76.1 24914 38177
561 561 562 76.1 6295 50665
224 224 369 76.1 30264 7194
650 437 505 76.1 0 51176
379 408 428 76.1 19034 24417
920 664 544 76.1 2464 52733
576 620 521 76.1 7639 45168
482 551 522 76.1 8709 44235
804 677 598 76.1 9390 51291
350 350 448 69.3 18005 23388
435 393 436 69.3 4417 35824
582 487 467 69.3 9665 33432
408 448 451 69.3 6858 34805
484 466 428 69.3 7893 31603
335 401 401 69.3 9718 27313
836 618 528 69.3 4845 43935
811 715 599 74.9 24703 35061
393 554 534 74.9 12339 40990
157 157 305 56.8 33113 -10063
301 301 364 56.8 1145 26430
153 227 303 56.8 11460 11503
367 297 299 56.8 0 22626
729 513 385 56.8 3951 25173
337 425 377 56.8 7586 20960
1447 936 674 61.9 3506 52136
290 613 564 61.9 33578 12951
294 294 409 57.9 10730 20867
224 224 328 54.5 9839 13983
306 265 363 54.5 1148 25200
264 264 297 54.5 7885 13691
198 198 217 54.5 7528 8198
660 429 336 54.5 0 24373
301 365 324 58.2 11796 13304
434 399 351 58.2 0 27229
255 327 315 58.2 4858 19566
247 287 312 58.2 7375 16816
202 244 271 58.2 2314 18710
605 425 367 58.2 3303 25127
310 367 338 58.2 4160 22066
287 327 315 61.5 10059 15799
481 404 357 61.5 4648 24618
392 398 378 61.5 6914 24066
335 366 355 61.5 7934 21204
273 320 325 61.5 5912 20705
420 370 355 61.5 1889 27233
455 412 378 61.5 10990 20031
443 427 389 61.5 3605 28270
544 486 425 61.5 13926 20915
586 536 471 66.3 5485 36119
388 462 445 66.3 14491 24834
274 274 339 66.2 6719 23160
396 335 358 66.2 6440 25154
340 338 352 66.2 5181 25895
535 436 392 66.2 7933 26691
667 551 450 66.2 8034 31654
296 296 331 65.4 8117 20763
203 203 266 65.4 4684 18497
235 219 264 66.6 5525 17962
355 287 296 66.6 3039 23278
321 304 275 66.6 2206 22254
424 364 306 77.1 4904 26545
282 323 297 77.1 4251 26239
246 285 285 77.1 8343 20954
242 242 259 77.1 4144 22483
370 306 294 77.1 3648 26524
304 305 289 77.1 6443 23226
443 374 326 80.7 5153 29910
374 374 332 80.7 4725 30973
204 289 297 80.7 22004 9919
192 192 236 65.7 10247 10425
53 53 147 64.4 12438 213
76 76 132 61.6 1249 9615
179 128 136 61.6 1287 9899
112 120 117 61.6 0 9627
2218 1169 710 61.6 0 58315
141 141 250 60.2 43835 -23772
154 154 224 60.2 26337 -8381
222 222 243 60.2 1336 18158
769 496 480 60.2 2005 36585
531 513 390 60.2 15548 15779
479 496 411 60.2 2138 30839
382 439 408 60.2 9431 23362
332 385 409 60.2 6799 26040
243 314 360 60.2 9715 19181
446 380 377 60.2 4749 25573
297 339 345 60.2 8675 19027
285 312 317 60.6 5755 19882
981 647 493 60.6 5982 33800
464 555 485 60.6 12568 26584
412 483 452 60.6 6586 29936
661 572 508 60.6 8870 32125
406 489 505 60.6 4912 35863
1007 748 629 60.6 6637 44142
507 628 583 60.6 10850 36200
334 334 431 56.8 8669 23972
425 380 420 56.8 3588 28240
1306 843 688 56.8 8267 43801
543 693 620 56.8 8783 38177
781 737 630 56.8 4737 42935
532 634 608 56.8 9269 36721
591 613 639 61.2 3442 48687
395 395 490 61.8 9995 30352
420 407 468 61.8 10783 27761
596 501 489 61.8 4766 35528
329 415 433 61.8 6822 28838
336 376 380 75.4 8185 30028
424 400 391 82.6 5118 37941
246 246 311 75.5 19409 11920
178 178 243 62.9 10090 10258
255 216 241 62.9 0 20181
394 305 281 62.9 3634 19900
199 252 238 62.9 9977 10000
211 232 222 62.9 1163 17438
336 284 256 62.9 5328 16160
132 132 184 61.4 4115 10929
398 265 236 61.4 2366 16980
1551 908 600 61.4 12159 36932
384 646 530 61.4 24735 18600
232 232 311 57.3 4436 19367
400 316 363 57.3 6080 21658
324 320 404 57.3 5532 25329
378 349 360 57.3 4157 23353
339 344 311 57.3 1945 21835
274 309 305 57.3 2227 21105
387 348 326 61.3 3367 23286
235 235 267 61.3 13567 8250
770 502 405 61.3 2922 30211
1475 989 696 61.3 8502 48421
439 714 608 61.3 12917 36813
635 674 607 61.3 8958 40728
522 598 609 61.3 12844 36997
600 599 644 62.4 17283 36291
937 768 693 62.4 7585 50078
801 784 708 62.4 11769 47139
490 637 631 62.4 11656 40819
450 544 577 62.4 7610 40440
393 468 537 62.4 9669 35002
729 599 587 70.5 5480 49692
479 539 531 80.2 11854 44962
364 364 419 71.7 19063 21010
706 535 494 71.7 4291 42899
388 462 467 71.7 9043 35542
1023 742 612 71.7 6204 52283
714 728 614 71.7 10194 48502
498 613 590 80.2 38298 24813
0 307 414 71.7 62127 -22520
364 335 429 71.7 40413 595
620 478 476 71.7 0 45516
759 618 533 80.0 9652 47208
688 653 537 80.0 11204 46130
639 646 564 80.0 10220 49918
582 614 579 80.0 15198 46534
633 624 603 80.0 8723 55592
474 474 520 78.0 14572 39569
668 571 558 78.0 8048 50069
786 678 613 80.7 32925 33021
646 662 612 80.7 8161 57672
673 668 609 80.7 12752 52756
472 472 518 78.6 14220 40051
521 496 528 78.6 8783 46530
450 473 499 78.6 13565 38727
527 500 500 78.6 7100 45310
426 463 454 78.6 11398 36136
503 483 465 78.6 6606 42166
348 415 425 78.6 20672 23817
347 381 401 78.6 11650 30386
260 260 320 76.6 6991 25641
288 274 311 76.6 13786 17948
241 241 271 76.5 2239 25435
205 205 235 77.2 5949 18215
255 230 227 77.2 4843 18521
503 367 304 77.2 2658 28623
279 323 287 77.2 6687 22816
271 297 276 77.2 3666 24718
200 200 228 75.2 4669 18218
269 235 253 77.2 3318 22684
511 373 319 77.2 4413 28400
249 249 253 77.2 4141 21933
606 428 343 77.2 2098 33242
464 446 376 77.2 13464 25259
195 195 260 75.2 11973 14056
230 230 253 75.2 2524 22837
723 477 403 75.2 4343 36023
667 572 467 75.2 6252 40528
435 503 424 75.2 8837 33685
399 451 420 75.2 4440 37644
454 453 452 75.2 7957 37383
339 396 424 75.2 13084 29388
301 301 351 72.5 6748 27125
535 418 397 72.5 6561 31765
523 470 426 72.5 5965 35154
512 491 437 72.5 23198 19013
734 612 508 72.5 2813 46284
375 494 474 72.5 22533 23242
540 517 495 72.5 3313 44535
435 476 476 72.5 16139 29862
479 478 483 75.2 7238 41222
355 416 430 75.2 13194 29911
309 309 363 72.5 8637 26470
587 448 422 72.5 3344 37461
425 436 415 72.5 8545 31590
529 483 435 72.5 7891 34201
210 210 278 71.7 12339 14272
455 333 345 71.7 3307 29708
327 330 334 71.7 7305 24687
432 381 359 71.7 3415 30915
504 442 370 71.7 5446 29911
737 590 481 71.7 4284 41744
749 670 550 71.7 10503 42071
502 586 533 71.7 7629 43349
549 567 541 84.7 11209 49893
537 552 550 84.7 9111 53054
399 399 464 72.4 13868 30955
607 503 495 72.4 11694 36122
336 336 393 71.7 10326 27287
404 370 391 71.7 8632 28816
537 453 415 71.7 7373 32363
545 499 454 71.7 10628 32846
421 460 422 72.4 10796 29982
533 496 454 72.4 9077 34780
503 500 472 72.4 20696 24840
973 736 614 72.4 7962 51351
378 557 531 72.4 24512 26795
433 495 503 72.4 5050 43538
413 454 478 72.4 10654 35480
347 347 426 72.4 23062 18108
577 462 449 72.4 3377 40009
421 442 428 72.4 8950 32392
301 301 341 72.3 10123 22760
909 605 494 72.3 9444 38148
330 468 448 72.3 16907 26213
460 464 444 72.3 21250 21544
495 479 444 72.5 5396 37521
251 365 413 72.5 19182 20726
283 283 336 72.3 15244 17144
283 283 319 72.3 30430 17144
283 283 306 72.3 46319 17144
657 470 391 72.3 9709 28003
1009 740 553 72.3 4943 48314
353 353 371 70.2 12911 21843
474 413 405 70.2 3383 34548
387 400 417 70.2 5228 33836
876 638 568 70.2 6496 46637
450 544 485 70.2 14627 30775
474 509 483 72.3 5440 41119
503 506 486 72.3 10105 36781
452 479 494 72.3 5974 41704
380 380 419 72.3 10968 29419
518 449 442 72.3 2274 40302
399 424 423 72.3 12051 28778
488 456 434 72.3 8817 32992
592 524 465 72.3 9345 35462
0 262 332 70.2 44251 -13183
0 131 236 68.2 44251 -22769
0 65 174 63.1 44251 -29575
837 451 369 63.1 34840 -3748
500 476 367 63.1 0 30886
665 570 430 63.1 5165 31057
586 578 466 63.1 6499 32723
997 787 652 63.1 10105 44830
557 672 617 63.1 13392 38599
449 561 572 63.1 17398 30758
976 768 690 63.1 6316 51746
511 640 647 63.1 9816 44619
457 548 573 63.1 9638 38648
626 587 577 63.1 6951 41651
633 610 606 63.1 37326 13683
968 789 690 63.1 2507 55581
1162 976 808 63.1 42327 25679
409 692 682 74.8 5722 62323
599 646 660 74.8 14782 51080
653 650 675 74.8 17223 50076
439 439 554 64.2 11622 35820
417 428 485 64.2 11645 29840
604 516 511 64.2 17920 25845
1031 774 653 64.2 5248 50682
622 698 610 64.2 15282 36932
754 726 645 64.2 4865 50372
647 686 650 64.2 16072 39605
435 561 607 64.2 10119 41803
376 468 529 64.2 13134 32143
309 309 418 58.2 12950 19464
420 365 414 64.4 2705 32809
716 540 485 76.0 3955 45133
463 502 458 77.2 17429 29767
533 517 459 77.2 5119 42194
532 525 483 77.2 17241 32460
402 463 471 77.2 5890 42590
382 423 438 77.2 13365 31700
365 394 415 77.2 13707 29007
424 409 414 77.2 13814 28849
458 433 416 77.2 6449 36426
369 401 393 77.2 13642 26859
466 433 408 77.2 4191 37825
449 441 417 77.2 14679 28263
336 389 391 77.2 9939 30311
246 246 301 76.0 10878 19591
481 363 357 76.0 4789 31378
440 402 376 76.0 20143 17984
400 401 371 76.0 10138 27438
423 412 369 76.0 12996 24344
200 200 266 64.8 7704 15270
202 202 253 74.5 1250 23923
352 277 281 74.5 15246 12692
413 345 314 74.5 3804 27438
274 310 276 74.5 9302 18135
248 279 266 74.5 5689 20736
338 309 293 74.5 3417 25718
493 401 354 74.5 8989 26228
324 363 336 74.5 6527 26825
259 311 307 74.5 10451 20057
1277 794 591 86.1 1171 66685
361 577 516 88.4 27935 32847
391 391 417 75.8 19052 23127
345 345 383 75.8 9481 29275
345 345 417 75.8 10656 31458
156 156 258 74.4 20678 4942
329 243 262 74.4 0 26026
0 121 178 62.0 26842 -12170
0 61 125 53.5 26842 -17948
0 30 72 45.4 26842 -22502
276 276 211 45.4 0 12746
197 236 186 45.4 4503 6769
1018 627 421 45.4 0 25436
411 519 405 45.4 7178 17293
614 566 484 45.4 7302 21974
510 538 486 45.4 7790 21625
209 209 339 42.4 5580 13590
476 343 373 42.4 1262 19806
306 324 353 42.4 7760 12206
257 291 316 42.4 2215 15646
509 400 339 42.4 3342 15813
316 358 339 42.4 5397 13789
263 311 312 42.4 1257 16352
1343 827 609 42.4 2256 32149
496 661 569 42.4 4730 27443
343 502 493 42.4 6180 21706
492 497 489 42.4 4617 23028
531 514 546 42.4 6962 23914
687 600 565 42.4 4335 27591
378 489 487 42.4 8141 19357
236 236 335 42.4 2525 16411
234 235 310 42.4 4603 12917
301 268 313 42.4 2517 15178
743 505 424 42.4 3768 20187
381 443 376 42.4 3975 17286
485 464 404 45.9 1258 23462
690 577 488 45.9 3805 26048
515 546 511 47.9 19453 13194
276 411 430 68.0 1336 37662
375 393 415 79.5 14988 28999
284 284 352 70.0 4447 28402
185 235 298 68.3 26718 430
0 117 196 64.8 26718 -9813
0 59 136 47.9 26652 -17934
0 29 86 42.6 0 4881
66 48 75 42.6 0 4263
321 184 135 47.6 0 8592
1418 801 506 47.6 0 32098
499 650 480 47.6 14605 15882
215 215 266 44.3 6373 9333
900 558 481 44.3 0 28374
220 220 348 44.3 6949 13617
245 232 308 44.3 2144 16046
281 257 254 44.3 7750 7219
453 355 343 44.3 2288 17951
122 122 170 39.0 5246 3565
171 146 175 39.0 0 9090
189 168 179 39.0 1098 8208
229 198 200 39.0 3154 7257
362 280 223 39.0 0 11600
323 302 251 39.0 1668 11359
774 538 405 39.0 2618 18410
413 475 400 39.0 2545 18227
271 373 366 39.0 2754 16266
420 397 383 39.0 4183 15697
664 531 484 39.0 1890 23242
295 413 413 39.0 2178 19284
255 334 355 39.0 10201 8242
178 256 303 39.0 0 15735
265 261 302 39.0 1295 14416
807 534 438 39.0 1177 21575
439 486 419 39.0 2269 19504
601 544 462 43.9 6153 20886
658 601 514 45.7 7644 23701
320 