0 0 0 0.0 16743 -16743
0 0 0 0.0 16743 -16743
0 0 0 0.0 16743 -16743
0 0 0 0.0 16743 -16743
0 0 0 0.0 0 0
0 0 0 0.0 18707 -18707
228 114 114 0.0 7704 -7704
0 57 57 5.0 1964 -1583
0 29 29 10.0 0 380
0 14 14 15.0 1863 -1577
81 48 48 20.0 0 1276
131 89 89 25.0 0 2983
301 195 195 30.0 0 7800
293 244 244 35.0 4313 7065
254 249 249 40.0 0 13262
208 229 277 45.0 3873 12776
473 351 527 50.0 1325 33776
528 440 590 50.0 21653 17696
321 380 400 50.0 5082 21591
269 325 404 50.0 5941 20985
146 146 48 41.7 12350 -9699
361 254 325 43.1 0 18697
176 215 294 44.5 7001 10414
86 86 0 34.2 3685 -3685
61 74 97 34.2 0 4426
101 87 72 34.9 0 3359
76 81 49 35.6 0 2336
109 95 89 36.2 0 4280
146 121 116 37.6 0 5805
146 133 123 39.0 5574 843
89 111 103 40.4 2240 3291
0 56 51 41.7 3232 -391
0 28 28 43.1 0 1629
0 14 10 43.9 2361 1629
0 7 0 45.1 2361 1629
0 3 0 45.1 2361 1629
0 2 0 45.1 0 0
0 1 0 45.1 2230 -2230
0 0 0 45.1 2164 -2164
0 0 0 45.1 0 0
310 155 162 45.1 0 9734
260 207 190 46.4 0 11747
665 436 467 47.7 3227 26451
169 169 222 47.7 14071 56
129 129 40 47.7 0 2540
131 130 194 47.7 0 12365
669 400 310 47.7 2614 17114
327 363 322 47.7 4176 16279
256 309 192 47.7 2195 10029
265 287 362 47.7 1026 22003
193 240 240 47.7 9160 6114
162 162 146 47.7 0 9298
138 150 151 47.7 2536 7048
182 166 169 47.7 0 10747
228 197 173 47.7 2416 8611
246 221 200 47.7 1187 11562
116 169 150 47.7 2154 7404
197 183 172 53.5 0 12299
541 362 367 53.5 1052 25136
154 258 222 53.5 14716 1136
119 119 77 54.0 1095 4415
119 119 189 54.0 0 13602
388 253 254 54.0 3466 14843
107 107 53 53.1 2179 1566
87 97 78 53.1 0 5487
660 379 394 53.1 0 27840
180 279 188 53.1 8897 4405
110 110 105 53.1 0 7423
76 93 198 53.1 0 14013
168 130 127 57.7 3736 6065
91 111 70 57.7 0 5367
121 116 104 57.7 0 8042
246 181 169 57.7 0 12984
233 207 171 58.5 2445 10918
211 209 182 65.1 0 15807
246 228 218 65.1 3366 15570
217 222 208 65.1 3184 14921
364 293 270 65.1 3662 19756
161 227 208 65.1 10078 7975
115 115 124 58.2 2415 7217
216 165 196 58.2 0 15231
434 300 261 58.2 3471 16760
112 112 66 55.1 7810 -2972
111 112 148 55.1 0 10877
235 174 196 55.1 2424 11971
924 549 415 55.1 1052 29437
341 445 324 55.1 14431 9378
108 108 107 52.5 7010 461
169 139 345 52.5 0 24155
196 167 193 48.0 11021 1319
115 141 73 48.0 0 4649
270 206 191 48.0 0 12246
151 178 155 48.0 1065 8846
89 133 127 54.6 988 8224
348 241 238 54.6 0 17319
202 222 179 54.6 1436 11557
5545 2883 2245 54.6 1290 162032
366 366 2030 48.0 106315 23517
258 258 515 42.1 91111 -62181
216 216 1445 41.1 64964 14245
134 134 1755 31.7 61213 12941
97 97 130 15.9 59996 -57225
210 210 132 15.9 33544 -30747
177 177 124 15.9 11492 -8866
135 156 112 15.9 0 2371
187 171 118 15.9 0 2505
372 272 153 15.9 0 3253
223 247 158 15.9 0 3366
99 173 145 15.9 0 3075
248 211 154 15.9 0 3272
319 265 175 15.9 0 3722
370 318 192 15.9 0 4071
188 253 185 15.9 0 3927
339 296 203 15.9 0 4308
201 248 202 15.9 0 4302
392 320 218 15.9 0 4637
72 196 189 15.9 0 4019
305 251 191 15.9 0 4063
355 303 205 15.9 0 4365
273 288 210 15.9 0 4452
590 439 249 15.9 0 5283
590 515 309 15.9 0 6566
348 431 321 15.9 0 6818
310 371 315 15.9 0 6701
411 391 330 15.9 0 7007
476 434 340 15.9 0 7216
662 548 369 15.9 0 7847
2152 1350 661 39.0 0 34408
246 246 479 41.5 9406 17103
428 337 421 67.0 3398 34178
248 248 399 69.1 7972 28817
174 174 335 69.1 12646 18220
132 132 159 57.4 10895 1307
145 138 146 57.4 0 11204
233 186 138 57.4 3319 7282
66 66 100 47.3 2879 3416
68 67 81 47.3 0 5075
83 75 76 47.3 0 4798
77 76 70 47.3 0 4409
241 159 81 47.3 0 5121
88 123 87 47.3 0 5454
116 119 89 47.3 0 5625
257 188 114 47.3 0 7177
100 144 118 47.3 0 7452
154 149 115 47.3 0 7251
0 75 97 47.3 6537 -426
0 37 77 43.1 6471 -2062
0 19 52 39.3 6471 -3728
0 9 35 38.3 6471 -4692
0 5 17 35.9 6471 -5638
3 3 9 23.6 5029 -4752
661 332 99 23.6 0 3124
215 273 138 23.6 0 4356
0 137 122 23.6 3381 477
0 68 109 23.6 3381 38
0 34 103 23.6 3315 -62
465 250 132 23.6 0 4174
654 452 203 23.6 0 6386
270 361 221 23.6 0 6955
0 180 190 23.6 6620 -623
94 137 187 23.6 0 5878
138 138 176 23.6 0 5561
67 102 130 23.6 0 4103
51 51 82 23.6 0 2591
82 67 70 23.6 0 2200
0 33 54 23.6 2201 -512
0 17 35 23.6 2201 -1105
0 8 22 23.4 2201 -1521
0 4 16 19.0 2201 -1801
0 2 8 17.5 0 184
0 1 4 14.7 4485 -4407
0 1 2 13.4 4419 -4383
0 0 1 13.2 4419 -4401
0 0 0 13.2 4419 -4410
0 0 0 13.2 4419 -4414
0 0 0 13.2 0 2
0 0 0 13.2 6912 -6910
295 147 44 13.2 0 782
0 74 47 13.2 2341 -1517
1744 909 303 13.2 0 5333
0 454 322 13.2 5067 610
94 274 273 13.2 1034 3781
109 192 251 13.2 0 4420
0 96 240 13.2 4477 -246
0 48 125 13.2 0 2192
161 104 98 13.2 0 1726
74 89 81 13.2 0 1419
40 65 60 13.2 0 1059
36 50 50 13.2 0 880
58 54 51 13.2 0 905
20 20 36 13.2 0 634
52 36 31 13.2 0 554
0 18 24 13.2 2116 -1689
0 9 17 13.2 0 297
31 20 15 13.2 0 265
41 30 20 13.2 0 344
42 36 21 13.2 0 374
68 52 28 13.2 0 499
82 67 39 13.2 0 678
88 78 48 13.2 0 837
144 111 63 13.2 0 1117
160 136 81 13.2 0 1429
77 107 82 13.2 0 1439
87 97 80 19.3 0 2058
102 99 83 35.3 0 3890
87 93 80 38.1 0 4074
48 71 68 39.2 0 3556
93 82 66 39.2 0 3466
96 89 68 39.2 0 3566
114 101 72 39.2 0 3743
104 103 74 39.2 0 3841
186 144 90 39.2 0 4709
0 72 76 39.2 4045 -61
114 93 76 55.2 0 5570
82 88 75 77.8 0 7801
64 64 66 77.8 968 5905
51 58 54 77.8 2351 3225
34 34 45 62.3 0 3716
110 72 49 62.3 0 4104
87 79 53 62.3 0 4413
79 79 55 78.3 0 5733
75 77 56 78.3 0 5834
0 39 48 79.0 5437 -384
116 77 54 84.3 0 6101
67 72 56 84.3 1998 4260
71 71 54 84.3 0 6091
109 90 59 84.3 984 5653
87 89 66 84.3 0 7369
62 75 62 84.3 2233 4742
51 51 53 81.5 0 5811
106 78 59 81.5 2527 3867
76 77 60 81.5 0 6482
89 83 60 81.5 0 6513
60 72 57 81.5 2066 4136
47 60 55 81.5 992 4950
38 38 45 79.0 0 4756
131 85 55 79.0 0 5778
237 161 83 79.0 0 8749
89 125 85 79.0 1221 7785
119 122 87 79.0 0 9181
75 99 88 79.0 2471 6828
123 111 93 79.0 0 9789
96 103 86 80.5 3095 6170
79 79 76 80.5 0 8152
69 74 68 80.5 4594 2709
94 84 69 80.5 0 7395
33 33 51 69.8 3505 1193
63 48 44 80.5 0 4743
64 56 45 80.5 0 4856
0 28 35 69.8 4744 -1463
20 20 24 68.4 1177 1052
0 10 20 61.5 0 1623
0 5 14 56.8 2137 -1076
23 23 14 56.8 0 1084
0 12 11 56.8 1679 -810
21 16 11 56.8 0 831
44 30 16 56.8 0 1238
18 24 18 56.8 820 552
0 12 14 56.8 0 1027
45 29 18 56.8 0 1367
0 14 16 56.8 2097 -871
35 24 17 56.8 0 1261
0 12 13 56.8 1613 -595
12 12 13 56.8 0 967
979 496 166 56.8 0 12596
538 517 261 56.8 1295 18482
410 463 291 56.8 2468 19574
4222 2343 1063 56.8 7197 73222
435 435 818 46.9 31204 19945
589 512 664 46.9 2970 38527
761 636 516 46.9 2673 29601
3224 1930 979 46.9 3404 57833
549 549 721 46.9 7743 37348
778 664 678 46.9 3872 38543
1315 989 945 46.9 6462 52644
844 916 674 46.9 7391 34773
621 769 688 54.6 4025 46044
820 794 740 54.6 10252 43649
537 666 672 54.6 6734 42195
643 654 613 54.6 6650 37960
1511 1082 727 54.6 6124 46837
607 845 710 61.9 7904 50721
728 786 711 66.3 6440 56383
622 704 744 66.3 11172 54566
599 651 656 66.3 10390 47569
664 658 617 66.3 6880 47582
565 611 576 66.3 9891 40961
537 574 543 66.3 8283 39686
614 594 536 72.3 5750 45915
299 299 437 61.9 14828 21251
656 478 427 61.9 2222 33031
1544 1011 575 61.9 5952 41534
1006 1009 636 61.9 7590 44911
671 840 705 61.9 9576 48627
510 675 757 61.9 14250 48276
486 486 656 61.9 13802 40361
495 490 556 61.9 10357 35527
446 468 478 61.9 5322 34126
454 461 423 64.0 6783 29347
830 645 472 73.7 6968 39449
711 678 511 73.7 7611 42624
1065 871 604 73.7 7832 51572
607 739 648 83.3 16436 55525
336 336 535 73.7 22246 30320
287 311 479 63.5 20489 20079
258 258 375 58.0 3231 25756
1498 878 468 58.0 4228 31917
1625 1252 679 58.0 10899 41583
296 296 485 55.7 18013 17994
683 489 583 55.7 2081 41168
457 473 606 55.7 8573 36435
395 434 419 55.7 8719 22366
588 511 420 55.7 2453 28703
1768 1140 642 55.7 5252 42381
194 667 593 55.7 32466 11532
0 333 505 55.7 43280 -5813
161 161 477 53.8 0 34191
261 211 353 51.1 8035 15988
197 204 231 51.1 2286 13474
366 285 207 51.1 1302 12775
909 597 323 51.1 1108 20911
416 506 354 51.1 5974 18166
211 359 346 51.1 3500 20051
375 367 387 51.1 4188 22165
559 463 402 51.1 4283 23099
132 132 268 44.2 10992 4801
196 164 232 44.2 0 13653
282 223 237 44.2 1016 12953
320 271 200 44.2 1259 10552
704 488 276 44.2 497 15792
297 393 299 44.2 1309 16312
348 370 317 44.2 2971 15720
271 320 334 44.2 4818 14890
1007 664 434 44.2 3560 21996
193 193 312 44.2 3971 14390
276 234 281 44.2 2217 14343
107 171 280 44.2 5192 11298
208 189 198 44.2 1220 10450
723 456 265 44.4 1383 14333
332 394 278 44.4 1378 15082
180 287 265 44.4 3496 12174
186 236 281 44.4 2305 14354
211 224 259 44.4 1666 13688
212 218 223 44.4 3843 9334
692 455 283 44.4 986 15773
181 318 267 44.4 2022 13808
171 245 248 56.6 1291 17390
320 283 283 60.4 3293 19489
77 77 196 59.1 15214 235
111 111 155 55.4 0 11470
197 154 154 55.4 2213 9135
962 558 261 55.4 3475 15753
296 427 279 55.4 1440 19131
266 346 290 55.4 11720 9698
141 141 280 48.1 1421 16546
251 196 257 55.8 2710 16366
0 98 181 48.1 15526 -3901
1301 699 329 48.1 0 21097
403 551 360 48.1 1463 21623
304 427 345 48.1 6243 15878
140 140 331 44.0 2897 16509
1031 585 438 44.0 2751 22943
504 545 425 44.0 4063 20859
320 432 356 44.0 5507 15395
282 357 387 47.7 1293 23346
232 295 364 47.7 5279 17860
112 112 254 40.3 6323 7326
169 141 205 40.3 0 10986
632 387 256 40.3 1270 12475
886 636 340 40.3 2047 16207
177 406 317 40.3 6506 10528
414 410 367 40.3 1203 18496
407 409 415 40.3 3013 19255
180 294 342 40.3 8725 9611
124 124 248 38.0 0 12575
410 267 260 38.0 1220 11974
483 375 277 38.0 1201 12839
1162 769 404 38.0 1122 19335
624 696 471 40.3 3228 22059
328 512 468 40.3 3551 21590
399 456 506 40.3 1966 25178
736 596 541 40.3 4545 24520
210 210 370 38.8 4503 14649
361 285 328 38.8 1318 15645
298 292 328 38.8 1266 15712
405 349 283 38.8 2718 11935
533 441 317 40.3 2257 14790
1593 1017 556 40.3 1264 28632
276 646 532 40.3 3056 25548
2750 1698 958 40.3 1102 50418
315 315 740 38.6 16409 21657
159 159 476 35.9 13494 9307
265 212 533 35.9 0 25520
809 510 419 35.9 13549 6495
37 37 170 32.6 12088 -4706
99 99 140 32.6 0 6080
75 87 173 35.9 0 8274
196 142 108 35.9 0 5174
121 132 103 35.9 0 4919
79 105 97 35.9 0 4627
72 89 97 35.9 0 4621
96 92 93 35.9 0 4464
55 74 79 35.9 0 3804
83 78 73 35.9 0 3514
92 85 75 38.2 0 3829
56 71 68 38.2 0 3442
41 56 60 38.2 1105 1971
31 43 54 38.2 0 2741
58 51 50 38.2 0 2559
60 55 48 38.2 0 2458
173 114 68 38.2 0 3447
141 128 84 38.2 0 4282
270 199 119 43.4 0 6859
230 215 151 43.4 0 8715
435 325 206 43.4 0 11897
655 490 303 43.4 1244 16294
745 618 397 43.4 2387 20550
167 392 374 43.4 6064 15546
88 88 272 31.9 7191 4397
211 150 259 31.9 0 11036
168 159 206 42.4 0 11628
488 324 198 53.8 1041 13171
306 315 222 57.8 1149 15936
130 223 204 57.8 5899 9835
100 100 178 57.8 2534 11159
365 233 205 60.6 995 15601
220 226 195 60.6 2131 13669
83 83 121 54.3 5284 3445
187 135 137 54.3 0 9942
95 115 133 54.3 2351 7241
182 149 115 54.3 0 8314
601 375 207 54.3 0 14994
377 376 248 54.3 0 17917
227 302 244 54.3 2859 14835
1443 872 498 54.3 1055 34973
237 237 364 48.9 9804 13901
112 112 239 47.2 8428 6600
207 159 297 47.2 0 18699
951 555 337 47.2 2176 19031
292 423 300 47.2 4950 13905
1317 870 484 47.2 2043 28356
600 735 590 47.2 7060 30012
338 536 518 47.2 3997 28567
143 340 485 47.2 20527 9957
162 162 359 41.5 7954 11868
317 240 293 41.5 2591 13615
524 382 297 41.5 1429 15011
904 643 382 41.5 7900 13210
0 321 319 47.2 18738 1346
7 7 196 41.5 17296 -6457
116 116 224 41.5 0 12406
1504 810 436 41.5 2185 21922
705 758 451 41.5 2458 22462
532 645 453 41.5 3373 21678
353 499 531 41.5 3167 26197
288 393 488 41.5 8457 18545
112 112 320 33.1 9989 4150
230 171 253 33.1 0 11162
932 551 365 33.1 1147 14997
855 703 425 33.1 1149 17643
372 537 403 33.1 3052 14732
762 650 517 33.1 2018 20837
83 83 351 30.0 12921 1120
149 116 255 30.0 0 10182
166 141 248 30.0 1619 8285
178 160 151 30.0 0 6050
165 162 128 32.0 0 5454
0 81 104 32.0 0 4434
266 173 134 32.0 0 5706
318 246 175 32.0 0 7440
715 480 270 32.0 0 11509
996 738 432 32.0 1175 17247
2116 1427 809 32.0 1309 33199
206 816 728 32.0 16514 14509
120 120 428 22.3 15638 -2906
252 186 474 22.3 0 14095
321 254 394 22.3 1200 10514
691 472 326 22.3 2320 7381
2256 1364 716 22.3 0 21303
786 1075 755 32.0 2652 29528
307 691 622 32.0 7409 19119
237 464 637 32.0 5728 21421
719 592 669 32.0 3530 25016
835 713 638 32.0 3598 23615
437 575 522 32.0 3870 18392
227 401 433 32.0 2459 16017
759 580 518 42.4 2290 27040
499 540 503 42.4 8835 19645
294 417 405 42.4 5210 17704
174 174 296 41.9 3607 12957
402 288 316 41.9 2530 15161
663 475 381 41.9 1279 20033
535 505 369 43.4 1305 20042
433 469 365 52.5 3907 21612
519 494 417 52.5 5100 24105
322 408 402 52.5 6047 22112
435 422 393 52.5 3264 24259
693 557 455 52.5 11816 20015
429 493 431 52.5 2967 27216
183 183 283 43.4 11618 4783
222 203 274 43.4 0 15855
291 247 284 43.4 2881 13569
264 255 231 43.4 3703 9662
755 505 323 43.4 0 18730
528 516 373 52.5 4354 21780
133 133 217 52.4 7810 7336
232 183 235 68.6 0 21535
357 270 291 68.6 2163 24446
230 250 224 68.6 6508 14024
216 233 194 68.6 2380 15339
186 209 201 68.6 4092 14263
503 356 266 68.6 1161 23228
37 37 137 42.9 21085 -13253
64 64 106 42.9 7657 -1599
65 65 123 42.9 0 7061
77 71 80 42.9 0 4569
116 93 69 42.9 0 3934
260 177 112 42.9 0 6406
118 148 112 42.9 0 6407
147 147 116 46.3 0 7153
76 112 116 46.3 1118 6063
53 53 87 45.5 0 5273
351 202 142 45.5 0 8616
164 183 145 45.5 1127 7644
133 158 122 45.5 0 7425
129 144 135 45.5 0 8172
79 79 112 45.5 0 6789
213 146 127 45.5 0 7671
192 169 139 45.5 0 8406
94 131 114 46.6 4548 2538
72 102 104 46.6 0 6435
287 195 150 46.6 0 9318
113 154 138 46.6 2237 6333
87 87 97 46.6 0 6026
138 112 113 46.6 0 7003
779 446 264 56.2 0 19737
207 326 239 56.2 7027 10894
97 97 132 46.6 2917 5283
297 197 207 46.6 0 12872
98 148 195 46.6 5835 6301
89 89 113 45.8 0 6907
100 94 105 45.8 255 6159
172 133 120 46.6 0 7470
167 150 118 56.1 0 8817
178 164 124 56.1 0 9266
100 132 120 57.2 1276 7861
107 119 117 57.2 0 8909
279 199 154 57.2 0 11716
110 154 139 57.2 3797 6797
101 101 107 57.2 0 8174
148 125 123 57.2 0 9354
182 153 135 62.3 0 11215
376 264 176 62.3 1280 13341
349 307 211 62.3 1240 16278
1797 1052 567 62.3 1163 45925
362 707 536 62.3 18506 26035
171 171 290 61.1 15488 8117
209 190 360 61.1 0 29298
273 232 358 61.1 3890 25280
194 194 216 53.4 7190 8194
206 200 175 53.4 0 12417
985 592 363 53.4 1205 24605
223 408 325 53.4 5099 18002
437 422 322 53.4 4603 18310
969 696 516 53.4 3675 33004
235 465 444 53.4 19864 11698
190 190 287 45.5 8168 9227
274 232 312 53.4 1782 20430
205 219 279 53.4 4485 15355
213 216 209 53.4 3261 11597
409 312 238 63.3 1387 18701
169 241 218 63.3 5796 12593
499 370 271 63.3 1284 21608
185 278 259 63.3 5470 16401
153 153 190 58.5 7771 7073
132 132 179 58.5 0 13931
145 139 167 58.5 4642 8410
97 97 118 57.7 1436 7638
273 185 140 57.7 0 10753
991 588 334 57.7 2180 23534
366 477 331 57.7 6480 18961
353 415 319 57.7 2572 21949
364 390 374 57.7 2303 26491
462 426 398 57.7 2974 27619
365 395 367 57.7 3360 24867
153 153 242 53.1 11476 5665
145 145 211 57.7 0 16252
745 445 337 57.7 1845 24044
446 445 327 57.7 2902 22268
761 603 394 58.9 5408 25501
241 422 383 58.9 9890 20163
90 90 237 56.5 15880 1951
152 152 245 56.5 0 18444
188 170 227 56.5 4794 12323
350 260 200 56.5 1114 13946
2354 1307 685 56.5 1121 50496
265 265 341 56.4 21991 3671
214 214 250 56.4 0 18809
448 331 440 56.4 3945 29130
292 312 365 56.4 6682 20781
241 241 226 56.4 3757 13221
360 300 258 56.4 1094 18334
499 400 315 56.4 2116 21604
461 430 331 56.4 5230 19654
154 154 216 46.0 3203 10073
305 229 241 46.0 0 14808
478 354 308 46.0 2684 16227
748 551 373 46.0 1988 20908
144 144 204 41.3 8356 2861
208 176 208 41.3 0 11425
531 354 318 41.3 2228 15275
148 251 242 41.3 5219 8101
52 52 116 38.7 4855 1103
63 57 123 38.7 0 6332
56 56 111 38.7 427 5296
48 48 63 38.7 0 3271
65 57 49 38.7 0 2533
100 78 60 38.7 0 3093
63 71 58 38.7 0 2994
128 99 72 38.7 0 3713
443 271 158 38.7 0 8150
57 57 83 38.7 1167 3098
68 62 73 38.7 0 3760
73 68 97 38.7 0 5013
111 90 87 38.7 0 4465
89 89 71 38.7 0 3648
63 76 67 42.9 0 3849
68 72 68 42.9 0 3904
957 515 271 42.9 0 15487
111 313 229 42.9 5039 8056
206 260 202 42.9 0 11551
158 209 238 42.9 2348 11275
136 172 218 42.9 3817 8646
149 161 178 42.9 0 10176
307 234 195 42.9 1289 9833
276 255 201 42.9 0 11515
653 454 294 42.9 1350 15441
182 318 268 42.9 3062 12255
348 333 279 45.6 1368 15613
346 339 313 45.6 4773 14279
198 268 277 45.6 1121 15729
184 226 240 45.6 3673 10901
176 201 222 49.3 1269 13308
290 245 225 69.6 1217 19700
280 263 224 73.5 4900 17023
140 140 163 73.5 2044 13970
302 221 192 73.5 1155 17672
123 172 180 73.5 8802 8846
174 174 160 73.5 0 15636
508 341 236 73.5 2176 20996
1014 677 411 73.5 5497 34770
310 494 371 75.1 8128 29062
315 315 313 80.8 5293 28471
298 306 352 80.8 6543 31402
222 222 301 73.5 10578 18951
386 304 281 73.5 3533 24022
594 449 336 73.5 1053 31861
422 435 336 73.5 2473 30452
773 604 427 73.5 4057 37761
249 249 314 71.3 14275 15590
229 229 282 71.3 1711 25113
723 476 403 71.3 3152 35206
322 399 351 71.8 6886 26752
270 270 259 71.8 4503 20302
923 597 431 71.8 2133 39128
298 447 403 71.8 14103 24543
363 405 355 71.8 3308 30720
2284 1345 820 71.8 4133 74378
382 382 496 62.9 30937 10603
331 331 393 62.9 0 32970
591 461 531 62.9 7138 37363
351 351 431 62.9 7157 28995
466 408 348 62.9 5875 23314
425 417 367 62.9 4237 26496
270 344 334 62.9 5210 22810
312 328 317 65.8 3326 24473
189 189 254 62.6 6005 15216
284 237 248 62.6 1061 19595
397 317 270 62.6 4764 17766
627 472 330 62.6 3525 24000
184 328 282 62.6 8180 15378
134 134 205 59.5 6137 10170
118 118 198 58.2 2215 13129
209 163 196 58.2 1185 14038
198 181 163 58.2 1707 10966
311 246 176 58.2 1058 12584
212 229 182 58.2 1167 12994
189 209 183 58.2 2478 11742
86 86 136 56.4 5680 4536
61 61 113 47.5 0 7136
110 86 108 47.5 0 6811
146 116 101 47.5 0 6403
127 121 93 47.5 0 5865
89 105 89 47.5 0 5650
137 121 102 47.5 0 6470
483 302 189 47.5 0 11961
89 89 113 46.9 1616 5433
121 105 108 46.9 0 6756
789 447 280 47.5 0 17717
149 298 239 47.5 6410 8700
211 255 207 47.5 0 13081
187 221 231 47.5 3832 10775
172 196 224 47.5 2645 11543
176 186 193 47.5 1438 10751
237 212 191 47.5 1132 10990
970 591 358 47.5 1239 21447
114 114 185 46.9 10062 1519
123 119 161 46.9 0 10054
441 280 262 46.9 0 16370
158 219 218 46.9 2162 11464
408 313 217 46.9 2544 11031
125 219 207 46.9 2589 10336
108 108 160 46.9 2308 7678
810 459 306 46.9 0 19144
120 120 182 46.7 8245 3106
78 78 122 44.7 0 7291
0 39 117 42.2 6276 319
42 42 96 39.0 0 4972
59 51 55 39.0 0 2857
53 52 46 39.0 0 2410
198 125 76 39.0 0 3979
0 63 59 39.0 3306 -252
58 60 57 39.0 0 2958
88 74 70 39.0 0 3618
65 70 67 39.0 1351 2134
51 60 56 39.0 0 2938
61 61 57 39.0 0 2968
0 30 44 39.0 2197 67
52 41 43 39.0 0 2237
40 41 41 39.0 0 2128
0 20 28 39.0 2218 -767
0 10 19 36.5 2218 -1273
133 71 45 36.5 0 2202
88 79 52 36.5 0 2537
404 242 127 36.5 0 6171
178 210 140 36.5 0 6837
147 178 142 39.1 0 7395
136 157 152 39.1 0 7924
2037 1097 582 39.1 0 30328
402 749 527 39.1 9039 18431
465 607 486 39.1 3381 21923
149 149 379 36.5 5908 12535
289 219 388 36.5 1255 17646
550 384 383 36.5 2277 16367
668 526 385 36.5 3177 15582
1178 852 525 36.5 2300 23244
177 515 450 48.5 7994 21131
417 466 450 52.6 2063 29497
317 391 454 52.8 3762 28209
308 350 407 52.8 2869 25768
496 423 386 52.8 7765 19426
135 135 243 48.5 8398 7331
190 162 212 48.5 0 13720
173 168 206 48.5 7149 6191
82 125 153 48.5 6156 3749
41 83 102 48.5 6620 -1
60 60 88 48.5 0 5677
417 238 158 48.5 1088 9145
64 151 127 48.5 4637 3556
58 58 77 45.2 0 4665
290 174 139 45.2 0 8364
91 133 133 53.5 2760 6757
26 26 64 45.0 5350 -1518
85 56 70 45.0 0 4196
0 28 60 39.4 3293 -141
27 27 38 39.4 0 1981
76 52 40 39.4 0 2094
89 70 50 39.4 0 2635
77 74 52 39.4 0 2751
109 91 66 39.4 0 3447
0 46 52 39.4 2322 433
57 51 53 45.2 0 3209
125 88 71 45.2 0 4269
76 82 68 45.2 0 4073
67 74 62 45.2 0 3719
128 101 79 45.2 0 4759
152 127 96 45.2 0 5802
168 148 109 45.2 0 6551
111 129 108 45.2 0 6492
81 105 103 45.2 0 6183
50 50 79 45.2 1184 3590
658 354 210 46.1 0 12893
98 226 177 46.1 4841 6066
129 178 149 46.1 0 9154
666 422 287 46.1 3118 14528
75 75 167 45.2 5015 5074
52 52 112 39.1 1763 4053
54 54 118 39.1 0 6168
113 84 105 39.1 0 5471
55 69 61 39.1 1112 2058
21 45 48 39.1 0 2496
103 74 62 39.1 0 3230
207 140 95 45.2 0 5727
274 207 130 45.2 0 7832
0 104 97 48.1 6831 -634
51 51 78 48.8 0 5058
160 105 107 48.8 0 6958
109 107 102 48.8 0 6661
85 96 82 48.8 0 5333
63 79 76 48.8 0 4923
55 67 74 48.8 0 4796
80 74 73 48.8 0 4724
79 76 70 48.8 0 4562
205 140 97 48.8 0 6278
94 117 93 48.8 0 6059
369 243 153 48.8 0 9970
210 227 169 48.8 0 10976
293 260 194 48.8 979 11633
153 207 189 48.8 3922 8349
119 163 176 48.8 4803 6630
31 31 110 47.1 6454 447
62 62 101 47.1 0 6362
111 86 95 47.1 0 5977
173 129 95 47.1 0 5991
191 160 107 47.1 0 6690
117 139 110 52.0 0 7643
0 69 87 55.6 7063 -606
66 68 86 62.3 0 7149
100 84 89 62.3 3362 4020
88 86 79 62.3 0 6556
46 66 63 62.3 3286 1963
0 33 48 55.6 0 3572
187 110 80 55.6 0 5965
71 90 75 55.6 0 5593
71 81 67 55.6 1205 3738
49 49 58 62.3 0 4797
73 61 64 62.3 0 5335
58 60 59 62.3 961 3972
53 56 53 62.3 0 4380
53 55 50 62.3 0 4139
254 155 96 62.3 0 7992
174 164 111 62.3 1536 7723
57 57 69 55.6 0 5141
2555 1306 642 55.6 0 47586
111 708 523 55.6 37138 1596
99 99 244 51.9 22952 -6067
94 94 307 49.7 9965 10365
71 71 300 36.9 9978 4778
47 47 127 22.6 8241 -4425
70 70 67 22.6 0 2005
89 79 68 36.9 0 3341
166 123 85 36.9 0 4170
377 250 150 36.9 0 7371
519 384 233 36.9 0 11459
510 447 293 36.9 3926 10510
133 133 186 36.9 0 9184
788 460 341 36.9 0 16813
2648 1554 892 36.9 11111 32815
2648 2101 1290 36.9 41602 32815
255 1178 964 36.9 68292 -20803
156 156 579 22.6 14388 3046
165 165 654 22.6 0 19700
231 198 527 22.6 6312 9560
206 202 271 22.6 0 8158
323 262 200 22.6 0 6014
474 368 265 22.6 0 7974
558 463 329 22.6 0 9910
622 543 392 22.6 4258 7547
157 350 324 22.6 0 9767
534 442 385 22.6 0 11599
78 260 310 22.6 5802 3537
194 227 264 22.6 0 7949
483 355 312 22.6 1396 7997
818 587 424 22.6 0 12764
293 440 349 22.6 2185 8324
271 356 320 28.0 0 11947
671 513 434 28.0 1037 15172
253 383 378 30.1 0 15170
1518 951 642 37.5 2595 29498
163 557 492 37.5 15817 8763
245 401 405 37.5 0 20247
265 333 406 37.5 4724 15538
407 370 415 37.5 2695 18063
320 345 338 37.5 5277 11627
488 417 349 37.5 0 17441
266 341 313 37.5 2142 13497
304 323 301 37.5 1405 13643
419 371 329 37.5 1393 15023
998 685 491 37.5 1333 23174
103 394 357 37.5 15924 1924
120 120 212 37.8 0 10703
2713 1416 890 64.6 1054 75555
152 152 340 64.6 55099 -25791
122 122 222 64.3 38743 -19700
200 200 325 64.3 16588 11269
118 118 261 36.2 8413 4193
154 136 123 36.2 0 5950
141 138 127 36.2 0 6160
158 148 131 36.2 0 6344
437 293 198 36.2 0 9548
382 337 235 36.2 0 11363
1249 793 478 36.2 1118 21958
151 472 380 36.2 10803 7564
91 91 213 35.6 6256 3853
170 131 244 35.6 0 11592
224 177 253 35.6 1332 10705
224 201 187 35.6 0 8866
543 372 241 35.6 0 11431
236 304 233 35.6 3316 7755
210 257 223 35.6 0 10604
251 254 238 35.6 0 11313
111 182 209 35.6 3115 6818
734 458 327 35.6 0 15540
161 309 266 35.6 4396 8241
156 233 223 35.6 0 10614
190 211 224 35.6 0 10662
215 213 230 35.6 4239 6686
72 72 131 33.3 0 5829
66 69 107 33.3 2308 2438
39 39 81 33.3 0 3572
69 54 67 35.4 0 3180
173 114 81 35.4 0 3800
170 142 96 36.2 0 4657
269 205 133 36.3 0 6434
271 238 166 36.3 0 8028
285 262 195 50.6 0 13142
1051 656 408 50.7 0 27591
147 402 327 50.7 16530 5560
144 144 208 43.4 1097 10950
271 207 255 43.4 2386 12379
234 221 261 43.4 1362 13707
243 232 210 43.4 1318 10843
91 91 122 42.5 1597 5296
101 96 122 44.0 0 7152
114 105 120 44.0 0 7071
286 196 150 44.0 0 8805
425 310 201 44.0 0 11789
364 337 231 44.0 7003 6588
501 419 295 44.0 0 17331
408 413 326 44.0 1340 17791
699 556 419 44.0 2406 22179
521 539 435 44.0 3615 21943
262 401 382 44.0 3576 18840
266 333 353 44.0 3157 17559
129 231 300 44.0 9851 7751
150 150 226 44.0 0 13260
162 156 192 44.0 2118 9136
103 103 140 49.4 967 8246
91 97 111 49.4 0 7339
217 157 130 53.4 0 9234
2675 1416 764 53.4 0 54367
106 106 214 49.4 43089 -28977
116 116 193 49.4 26797 -14086
122 122 280 49.4 10641 7809
138 138 258 48.7 0 16758
666 402 244 48.7 3242 12627
135 135 140 48.7 1035 8040
351 243 189 48.7 0 12280
683 463 324 49.9 1212 20315
839 651 440 49.9 3406 25862
421 536 398 49.9 3708 22787
681 609 477 49.9 2211 29536
592 600 521 53.4 4298 32760
827 714 588 53.4 5412 36446
884 799 637 53.4 5940 39391
695 747 635 53.4 4979 40163
430 589 571 53.4 5562 35029
468 528 547 53.4 8284 30593
463 496 517 53.4 8232 28544
375 435 454 53.4 4469 27826
172 172 290 49.9 12824 6463
365 269 299 49.9 0 19896
376 322 305 49.9 2249 18059
559 441 335 49.9 6519 157