0 0 0 0.0 16743 -16743
0 0 0 0.0 16743 -16743
0 0 0 0.0 0 0
109 55 55 0.0 0 0
692 373 373 68.2 0 33944
239 306 306 16.4 19691 -13005
194 250 250 24.5 0 8155
623 436 436 32.7 0 18999
434 435 435 40.8 2383 21315
592 513 513 49.0 5720 27817
65 289 289 39.4 25831 -10644
0 145 145 40.0 25831 -18123
0 72 72 45.0 25831 -21495
392 232 232 50.0 0 15480
370 301 301 50.0 3445 16627
478 390 356 50.0 5800 17930
819 604 600 50.0 2650 37323
644 624 609 50.0 11055 29528
1009 817 875 50.0 6136 52175
525 671 669 50.0 18209 26374
334 502 462 50.0 3821 26981
581 542 524 50.0 4843 30111
717 630 712 50.0 4792 42669
394 512 503 50.0 15921 17638
410 461 453 50.6 9224 21347
1803 1132 1204 51.3 3657 78637
698 915 815 51.9 31604 24801
805 860 1049 52.5 3989 69465
654 757 790 53.1 12312 43680
531 531 641 53.8 21051 24883
714 622 669 54.4 13542 35008
767 695 707 55.0 6044 45800
451 573 620 55.7 13230 32811
733 653 645 66.1 5863 50926
782 717 681 66.1 9679 50277
496 496 538 66.1 11609 35762
1127 811 783 66.1 5252 63688
340 340 413 55.7 26716 3919
476 408 497 55.7 0 36907
2948 1678 1037 55.7 19397 57572
479 1078 910 65.4 21694 57738
405 405 1150 65.4 24407 75885
585 585 436 65.5 30681 7390
700 642 871 65.5 0 76058
621 632 819 65.5 28157 43365
470 470 461 56.8 22519 12393
1241 856 818 56.8 1007 60947
461 658 495 56.8 28739 8764
719 689 800 56.8 0 60521
521 605 541 56.8 17173 23810
695 650 717 56.8 4362 49924
605 627 604 56.8 22829 22911
519 573 610 56.8 2362 43834
326 449 506 56.8 14672 23664
456 453 521 56.8 4161 35289
479 466 471 56.8 9223 26428
560 513 503 56.8 4431 33671
560 536 490 56.8 36018 33671
411 474 465 56.8 14842 20342
445 459 478 56.8 7932 28255
782 621 565 56.8 14478 28312
413 517 465 56.8 6088 29135
405 461 518 56.8 22125 17058
728 594 548 56.8 1090 40410
572 583 528 56.8 13203 26774
448 516 535 56.8 21356 19172
185 351 411 56.8 6484 24653
310 330 430 64.7 15093 22000
222 222 287 56.8 8211 13522
391 306 363 56.8 1239 26266
308 307 265 56.8 4144 15950
226 267 285 64.7 2005 22583
304 285 277 71.8 4215 22363
221 221 228 71.8 2953 18892
493 357 344 72.8 2760 30682
555 456 341 75.5 4205 30081
309 383 344 75.5 5562 29053
354 368 370 75.5 14922 22304
607 488 434 75.5 4722 38900
805 646 534 79.0 8590 47635
533 590 505 79.0 7176 46011
485 537 541 79.0 30438 26587
695 616 586 79.0 7032 54670
917 766 681 80.2 13866 58997
601 684 624 80.2 9586 57172
518 518 583 80.2 11191 51123
728 623 652 80.2 11964 57778
593 608 574 80.2 12140 49250
560 584 612 80.2 9633 55868
477 477 499 79.4 13418 39443
513 495 543 79.4 9069 48386
525 510 498 79.4 9722 43064
469 489 495 79.4 12474 39980
293 391 421 78.9 42559 1722
0 196 301 76.7 42559 -11830
0 98 233 64.1 42559 -22684
65 65 144 51.1 12999 -3190
0 32 88 45.1 0 5268
733 383 309 45.1 0 18593
788 585 349 45.1 4348 16607
1769 1177 958 45.1 4646 52948
3226 2201 2043 45.1 55110 67714
0 1101 779 45.1 117621 -70812
752 926 1365 45.1 111130 -29068
999 999 773 45.1 10304 36160
1535 1267 1357 45.1 7640 73952
796 1032 967 45.1 13671 44449
598 815 902 45.1 7628 46588
562 689 745 45.1 13797 31008
307 307 412 40.3 8559 13568
399 353 473 40.3 8261 17193
603 478 434 40.3 2098 21225
874 676 614 40.3 4346 28651
3772 2224 1945 40.3 4453 100102
728 728 498 36.9 30595 -6070
608 668 1042 36.9 0 51292
308 488 465 36.9 19423 3477
659 573 848 36.9 0 41766
0 287 356 33.7 40711 -24738
977 632 577 33.7 29993 -4100
1019 826 655 33.7 0 29426
510 668 607 33.7 6976 20298
712 690 631 33.7 6994 21344
2194 1442 1152 33.7 5086 46628
1056 1249 1050 33.7 21698 25444
497 873 912 37.1 4047 41019
509 691 784 40.8 8644 34026
562 627 725 46.3 9631 35130
294 294 423 41.1 12027 11156
799 547 555 41.1 0 30417
1042 794 654 41.1 29415 6442
1004 899 754 41.1 0 41362
454 677 623 41.1 18841 15296
444 560 590 41.1 4013 28334
747 654 643 41.1 9690 25566
791 723 671 41.1 5023 31796
2295 1509 1211 41.1 6960 59456
695 1102 925 41.1 18936 31813
804 953 959 41.1 3178 49382
594 773 809 46.2 12448 37403
480 626 749 46.2 27274 18916
1343 985 927 46.2 3652 53464
1147 1066 939 46.2 9583 48276
599 832 803 46.2 9248 40241
538 685 708 72.9 9663 59165
735 710 739 72.9 20223 51600
302 302 437 72.3 23621 18496
1076 689 678 72.3 2006 63376
736 713 617 77.3 26501 37112
796 755 694 77.3 8331 63211
619 619 565 77.3 11338 46927
647 633 629 77.3 6642 58176
793 713 669 77.3 36827 32136
1489 1101 937 77.3 5592 90944
754 754 695 77.3 17721 53909
568 661 689 77.3 14207 56800
706 683 682 79.7 10535 61879
738 711 722 80.2 10496 66659
687 699 671 80.7 22695 49523
910 805 737 80.7 8963 70250
770 787 727 80.7 10261 67960
704 746 717 80.7 18506 58569
783 764 730 80.7 22596 55870
709 737 718 80.7 12100 65095
1001 869 806 80.7 10044 76678
896 882 808 80.7 16131 70766
615 615 646 80.2 7604 61441
815 715 717 80.2 13747 62950
454 454 521 77.3 18524 35233
688 571 605 77.3 5014 57371
576 574 544 80.0 16169 41868
486 530 533 80.0 4540 52325
372 372 400 75.5 10898 29305
683 527 511 75.5 6061 45395
505 516 483 75.5 5678 42893
350 350 380 72.2 10685 25950
429 390 392 75.7 3929 35681
579 484 451 75.7 6082 39509
525 505 463 75.7 8334 38415
570 537 479 75.7 8879 39526
546 542 494 75.7 7110 42748
456 499 481 75.7 10293 38314
590 544 516 75.7 7219 44899
480 512 493 75.7 10443 39369
389 389 416 75.7 5872 36103
918 653 584 75.7 7675 51329
478 478 456 75.7 12725 33353
312 312 372 72.2 7222 28642
329 321 349 72.2 8269 25311
215 215 280 69.7 7120 18924
258 237 269 69.7 3198 21766
241 239 237 69.7 2141 19846
359 299 277 69.7 2549 23189
209 209 206 69.7 5280 13834
241 225 227 69.7 1215 19867
174 174 183 69.7 4794 12224
504 339 299 69.7 0 27760
480 410 330 69.7 4761 25871
613 511 420 72.2 8214 32254
1154 833 648 72.2 5706 56667
1067 950 768 72.2 53265 20673
431 690 645 72.2 4418 57652
688 689 682 75.1 5510 62754
540 540 584 75.1 12541 45989
410 410 500 72.3 11609 36532
525 468 489 74.9 21992 26788
527 497 488 74.9 7170 41521
659 578 530 74.9 7837 45119
456 517 479 74.9 12680 35173
461 489 478 74.9 5804 41940
463 476 467 74.9 8278 38335
594 535 511 74.9 6011 45043
563 549 511 74.9 6196 44868
483 516 493 74.9 16453 32779
714 615 563 74.9 8777 47408
639 627 574 74.9 9935 47418
615 621 584 74.9 13248 45098
614 617 582 76.5 22314 37096
678 648 614 76.5 7180 55495
424 536 538 79.0 18754 37951
374 374 430 76.5 8935 34932
542 458 473 76.5 6463 41766
476 467 458 76.5 11442 35269
479 473 456 79.0 7112 40938
465 469 438 79.0 10640 35532
620 544 501 86.4 6654 51031
553 549 505 86.4 13643 44508
476 512 491 86.4 15433 41070
511 512 492 86.4 5317 51384
505 508 494 86.4 12895 44008
450 450 453 86.4 10583 41623
677 563 526 86.4 8807 51819
526 545 506 86.4 15320 42963
553 549 522 90.6 6357 56745
477 477 467 91.3 14712 42114
354 354 396 90.6 13155 34654
539 447 447 90.6 5809 48234
352 352 364 86.3 16022 25933
523 438 424 86.3 5246 43512
468 453 410 86.3 8759 38428
528 491 456 86.3 5414 47027
476 483 444 86.3 8957 42160
391 391 396 86.3 11333 34283
470 431 425 86.3 9351 39551
360 360 369 84.1 9125 32191
400 380 384 84.1 6833 36202
421 400 379 84.1 8543 33945
448 424 401 84.1 7905 37025
282 282 299 78.4 6500 24754
378 330 337 78.4 2336 32925
324 327 319 84.1 10063 25754
226 226 256 78.4 7872 18859
141 141 181 75.4 9905 8341
105 105 149 70.7 4237 9794
159 132 153 70.7 1050 13360
126 129 132 70.7 2246 10210
447 288 234 70.7 1156 20881
142 215 181 70.7 15372 1669
114 165 170 70.7 0 16017
773 469 371 70.7 1704 33309
365 417 347 70.7 9144 23534
267 267 276 70.7 4848 21149
293 280 279 70.7 2912 23387
466 373 356 70.7 3960 29565
390 381 353 70.7 3706 29605
306 344 324 70.7 8210 22309
807 576 488 70.7 14992 30976
4300 2438 1834 70.7 4389 168446
933 933 806 69.2 51984 22424
933 933 1040 69.2 2070 93897
999 966 947 69.2 14716 72685
1278 1122 1165 69.2 9625 97849
944 1033 974 69.2 19575 70299
909 971 954 69.2 15031 72965
1003 987 963 69.2 15054 73841
845 916 919 69.2 5259 79536
1333 1125 1035 69.2 11332 84186
996 1060 994 69.2 10911 80800
861 961 952 69.5 14870 73295
794 877 895 69.5 13695 69204
687 782 832 69.5 13620 63416
749 766 792 75.2 8726 70631
1214 990 904 83.7 1937 98906
848 919 855 87.1 17576 81763
891 905 863 87.1 15293 84865
820 862 841 88.6 13406 85922
817 817 824 88.6 17109 80238
864 864 838 88.6 10009 88944
718 718 740 87.2 20512 65511
804 761 757 87.2 8120 79931
729 745 730 87.2 13571 71341
688 688 693 88.6 12862 69013
845 767 727 88.6 12508 73291
626 626 640 87.3 18277 56154
516 516 568 86.2 14394 50867
504 504 536 86.2 9783 51826
616 560 553 86.2 12904 50644
710 635 581 86.2 7625 59083
734 685 612 87.3 14784 56407
602 602 576 87.3 10088 56909
688 645 615 87.3 10925 60636
683 664 629 87.3 11061 62134
727 695 654 87.3 8876 67231
327 327 426 86.2 26498 22382
60 60 248 85.2 40254 -12133
948 504 468 85.2 0 53170
631 567 470 85.2 7541 45859
518 543 462 85.2 13321 39154
648 595 510 85.2 5048 52829
498 547 525 85.2 12864 46778
396 396 440 80.2 15649 31423
536 466 472 80.2 5345 45080
493 480 465 80.2 8329 41395
500 490 466 80.2 7711 42115
0 245 307 73.1 45952 -15994
758 501 463 73.1 25511 19668
664 583 496 73.1 2197 46154
823 703 591 73.1 12685 44977
612 657 576 73.1 7627 48511
643 650 615 73.1 10234 49728
521 521 545 73.1 5850 47248
397 397 468 70.9 11663 32584
546 472 487 70.9 7828 38209
644 558 518 70.9 5521 43484
332 332 370 63.0 13275 17813
517 425 422 63.0 3079 32371
480 453 428 63.0 7600 28317
983 718 597 63.0 4932 45214
465 591 522 63.0 11099 32678
357 357 414 63.0 6482 28283
829 593 556 63.0 5460 41239
431 512 502 63.0 6635 35474
403 458 466 63.0 23535 15577
745 601 537 68.1 3507 45232
325 463 467 72.5 18656 26539
333 333 388 70.9 3869 32820
320 327 365 70.9 6842 27647
384 355 368 70.9 5279 29550
475 415 384 70.9 9302 26989
414 414 377 70.9 3174 32494
511 463 417 70.9 9318 30086
635 549 479 70.9 6350 38984
562 556 499 70.9 18695 28549
713 635 564 70.9 5177 48157
330 482 484 72.8 32091 14903
469 476 492 72.8 2001 45758
432 454 464 72.8 6488 38552
473 463 465 72.8 6518 38605
487 475 455 72.8 10031 34131
652 564 510 72.8 16585 32878
627 595 534 72.8 4672 47145
364 480 477 82.9 12469 40269
433 433 454 82.9 10333 39847
518 475 474 82.9 9658 42702
400 400 417 84.4 11159 35818
462 431 424 84.4 30840 16948
246 246 300 82.9 3470 29680
946 596 510 82.9 4301 52117
1146 871 670 82.9 8714 65304
693 782 663 84.4 9300 65319
943 862 754 84.4 12326 72576
904 883 812 84.4 18665 72767
866 875 838 84.4 17391 76968
841 858 827 84.4 9989 83146
754 754 769 84.4 17597 68941
694 694 725 85.4 19591 62960
831 763 750 89.4 8919 80491
542 542 597 85.4 32125 35815
566 554 590 85.4 3168 63970
674 614 598 85.4 8784 59255
706 660 622 85.4 6425 64446
1038 849 732 85.4 10205 73194
776 813 730 85.4 11237 71875
857 835 776 85.4 10676 77726
825 830 786 89.3 15952 77715
733 733 743 89.3 13356 75176
690 690 709 89.3 16923 67499
793 741 728 89.3 8709 78018
827 784 745 89.3 8420 80356
576 576 611 83.7 22644 45533
685 630 640 83.7 6018 65492
635 635 625 83.7 12061 57778
917 776 712 83.7 7854 71687
573 573 576 80.1 11516 49967
604 588 600 80.1 15339 48731
642 615 601 80.1 9772 54402
478 547 560 89.3 11616 55054
633 590 570 89.3 8164 59704
926 758 672 89.3 8809 71215
760 759 684 89.3 12510 68973
677 718 678 89.3 10876 69836
613 613 625 89.3 17771 56675
606 606 626 89.3 8301 66220
609 609 611 89.3 12085 60660
646 627 611 89.3 14059 58673
515 515 531 83.9 10593 48862
610 562 558 83.9 10249 52176
623 593 566 89.8 11738 56014
646 619 584 89.8 9797 60167
651 635 592 89.8 11934 59017
579 579 568 89.8 10037 57965
773 676 633 89.8 6923 68907
575 575 570 89.8 12616 55683
671 623 606 89.8 9854 62739
646 634 604 89.8 6827 65500
538 538 552 88.6 13995 51249
560 549 550 88.6 10890 54104
598 573 558 88.6 10679 55296
627 600 572 88.6 7302 60349
502 502 507 89.0 17898 42191
616 559 544 89.0 9187 55363
555 557 537 89.0 18751 44918
362 362 417 87.3 8071 40478
734 548 519 89.0 4338 57276
1007 777 652 89.0 8595 68728
725 751 658 89.0 13522 64480
718 735 672 89.0 11740 67944
790 763 718 89.0 11300 73894
832 797 759 89.0 20942 69085
712 712 706 89.0 12745 71052
607 607 641 87.5 11661 63111
614 614 634 87.5 9548 64412
564 564 586 87.5 7413 60891
739 651 625 87.5 10839 62075
513 513 525 85.7 12524 47541
927 720 659 87.5 7892 68978
998 859 740 87.5 10358 75927
785 822 750 87.5 13378 74052
787 787 746 87.5 12951 74031
785 786 767 87.5 13419 76070
1065 925 861 87.5 9414 91049
819 819 794 87.5 16866 75796
703 703 731 87.5 11269 74049
676 676 704 87.5 12697 69425
616 616 654 87.3 11760 64336
672 644 648 87.3 9651 65742
945 794 724 87.3 10380 73943
1075 934 818 87.3 14615 80601
1174 1054 919 87.3 11201 95706
1387 1221 1064 87.3 15674 108186
1106 1164 1075 87.3 25716 99371
970 970 990 87.3 13274 101925
1065 1018 1026 88.4 20333 100586
1449 1233 1153 88.4 21138 114800
1287 1260 1169 88.4 20418 117386
1029 1029 1035 88.0 22078 99388
1275 1152 1128 88.0 29121 103203
0 576 751 87.3 127579 -40113
7 7 347 85.5 126137 -86571
197 197 358 79.5 91182 -53266
1221 709 612 79.5 0 64831
673 691 551 79.5 14748 43666
644 667 564 79.5 6562 53151
684 675 616 79.5 10345 54908
471 471 522 74.5 10998 40860
402 402 469 74.5 7507 39113
418 410 444 74.5 6781 37324
526 468 463 74.5 8637 37355
444 456 435 74.5 3037 40122
436 446 429 74.5 11204 31417
860 653 569 74.5 6100 50423
64 64 188 56.1 44315 -30259
138 138 247 56.1 25290 -6792
140 140 183 56.0 7882 5813
152 146 183 56.0 0 13683
419 282 222 56.0 1247 15366
647 464 355 56.0 12090 14425
6807 3636 2594 56.0 1177 192638
1064 2350 1802 56.0 83951 50705
588 588 961 49.2 53047 9993
794 691 1138 49.2 0 74677
1063 877 1281 49.2 7979 76066
836 856 958 49.2 21417 41469
1100 978 870 49.2 5532 51564
1204 1091 957 49.2 4477 58334
1018 1055 967 49.2 14579 48871
671 863 859 49.2 5922 50433
153 153 388 31.2 43427 -27291
32 32 334 31.2 0 13892
1522 777 737 31.2 1889 28715
1237 1007 757 31.2 4496 26954
891 949 732 31.2 2553 27861
4009 2479 1907 31.2 5719 73500
820 1650 1267 31.2 18158 34477
327 327 724 25.0 5891 18276
1961 1144 1274 25.0 3562 38950
2936 2040 1721 25.0 5423 52009
408 408 494 23.2 13661 1599
718 563 967 23.2 0 29850
3586 2074 1598 23.2 3984 45350
862 1468 1048 23.2 10251 22101
1226 1347 1428 25.6 3482 45319
836 1091 1075 25.6 5312 31413
1187 1139 1257 25.6 5100 37858
1313 1226 1168 25.6 8556 31335
1473 1350 1243 25.6 7673 34799
1208 1279 1179 25.6 9271 30999
377 828 922 25.6 6462 25023
1065 947 1060 25.6 5463 30747
496 721 752 25.6 6242 19443
929 825 887 25.6 2313 27995
732 778 724 25.6 5884 18844
968 873 839 25.6 2685 25990
444 659 641 25.6 4499 17417
875 767 788 25.6 2400 24512
694 730 675 25.6 2173 20892
1359 1045 938 25.6 3193 28858
1020 1032 853 63.8 3594 68973
883 958 912 70.0 18510 66681
677 677 725 70.0 16276 51474
699 688 781 70.0 13959 58975
814 751 733 70.0 15935 52507
979 865 796 70.0 8261 66034
579 579 575 70.0 13475 40256
733 656 707 72.6 10769 57675
1559 1107 925 72.6 12409 77083
798 953 783 72.6 22239 53510
853 903 887 74.1 10591 77060
690 690 712 74.1 20769 49569
759 724 793 74.1 12924 65396
703 713 698 74.1 12386 56606
689 701 695 74.1 13247 55391
740 721 687 74.1 10820 57033
705 713 678 74.1 8018 58966
599 656 645 74.1 16440 47291
569 613 620 74.1 8666 52611
777 695 667 74.1 8736 57177
754 724 661 77.4 13963 54199
791 758 699 77.4 12761 59342
1009 883 787 78.4 9102 73125
758 821 744 78.4 13227 64502
746 783 770 78.4 13515 66951
725 754 741 78.4 6758 70656
1062 908 850 88.8 18145 82502
867 888 798 88.8 18958 75533
858 873 835 88.8 15543 83311
834 853 817 88.8 13755 82940
709 709 730 85.8 18757 64813
916 812 815 85.8 12358 80870
660 660 648 86.2 23389 51035
593 627 676 86.2 8624 69002
620 620 616 86.2 7114 63643
712 666 646 86.2 21571 52686
880 773 696 89.7 8328 74872
987 880 765 89.7 10898 80587
622 622 606 86.2 16307 53284
963 793 800 86.2 7417 84481
677 677 627 84.4 22889 47657
625 651 686 86.5 5389 73710
400 400 459 84.4 24909 26694
654 527 588 84.4 6087 60100
657 592 526 84.4 16844 42349
813 703 625 84.4 4684 65660
929 816 686 84.4 9568 67575
705 761 679 84.4 14603 61757
735 748 721 84.4 9957 71109
710 729 705 84.4 20546 58720
624 676 677 84.4 6215 69985
1063 870 807 84.4 7950 82788
776 823 730 84.4 14292 67760
766 766 754 84.4 6825 77943
833 799 769 84.4 10131 76337
941 870 813 84.4 13501 77921
624 624 638 81.3 11163 58025
968 796 809 81.3 10242 77395
986 891 778 81.3 9971 74348
990 941 855 81.3 15988 76618
915 928 848 81.3 10540 81305
579 579 643 80.6 19286 49786
789 684 770 80.9 9206 73853
901 792 727 80.9 14548 63872
687 740 701 80.9 12368 63239
1257 999 888 80.9 7258 88485
856 927 798 80.9 17846 68163
837 882 867 80.9 11961 81465
811 846 825 83.9 27340 64971
717 782 796 83.9 15032 74038
988 885 858 92.9 12633 93668
856 856 799 92.9 19926 79025
918 887 852 95.9 17947 90884
959 923 858 95.9 17247 92443
792 792 782 94.5 26845 71678
778 778 800 94.5 12446 88351
813 813 789 94.5 18276 81158
821 821 788 94.5 30413 68803
825 823 785 94.5 17364 81574
707 707 707 92.0 15815 70919
771 739 750 92.0 15426 76550
889 814 762 92.0 9020 84447
818 818 762 92.0 8454 85051
1148 983 887 92.0 15747 93135
878 878 797 92.0 22397 75410
802 840 844 92.0 13138 90467
890 865 837 94.5 18136 87341
953 909 868 94.5 17466 91824
909 909 858 94.5 14049 94059
908 908 868 94.5 11324 98010
969 969 913 94.5 17275 97791
827 827 811 94.5 16074 86037
705 705 766 92.1 20454 73612
841 773 787 92.1 13483 83117
660 660 666 90.4 16721 63592
772 716 726 90.4 9652 77889
742 729 681 90.4 15641 66467
980 854 788 90.4 7821 87183
889 872 776 90.4 13955 79594
828 850 803 90.4 23167 73636
794 822 795 90.4 12926 82940
824 823 806 90.4 14978 82194
795 795 779 90.4 18606 75332
858 826 803 90.4 13313 83467
762 762 743 90.4 15317 74241
702 702 719 90.4 10304 76425
1103 902 844 90.4 13692 88081
953 928 817 90.4 15360 83137
864 896 846 90.4 34093 67927
825 860 831 94.1 13146 91021
891 876 857 94.1 22903 84569
849 862 837 94.1 13590 91331
871 867 843 94.1 14198 91489
771 771 769 91.4 18071 75687
1132 952 909 91.4 8430 102429
763 763 723 90.1 23845 63094
1169 966 944 90.1 11555 101900
1021 993 870 90.1 46437 58126
1162 1078 1002 90.1 6102 114284
999 1038 956 90.1 28835 86068
837 837 869 87.5 10348 91137
822 822 879 87.5 12151 90409
769 769 791 87.6 18491 73846
941 855 846 87.6 19597 79169
1057 956 867 91.2 13418 91924
739 739 727 87.6 18192 66751
785 762 800 87.6 7463 85990
762 762 741 87.6 13981 72522
771 766 758 87.6 14033 74476
827 796 757 87.6 8249 80112
740 768 737 87.6 13038 73027
679 679 689 87.6 15167 65272
727 703 710 87.6 11950 70986
734 719 693 87.6 11815 69103
969 844 780 87.6 10253 80816
627 735 684 87.6 67077 12825
0 368 487 87.3 78611 -21888
710 539 627 87.3 31771 41167
886 712 621 87.3 6632 65609
761 737 649 87.3 7172 68341
630 683 627 87.3 18445 54543
798 740 702 87.3 16336 65312
609 675 650 87.3 11960 63690
819 747 728 87.3 10199 74521
656 656 631 87.3 16962 56429
857 756 739 87.6 11359 74970
654 654 622 87.6 12984 59603
849 751 739 87.6 11268 75069
949 850 755 87.6 16974 71165
675 762 719 87.6 14584 69395
780 771 759 88.3 10200 79164
792 782 750 88.3 11305 76972
646 646 666 88.2 13266 65051
720 683 705 88.2 17765 65116
623 653 639 88.2 15329 59777
675 664 661 89.9 10917 68275
745 704 665 89.9 12632 67043
768 736 687 89.9 12623 69785
864 800 737 89.9 15267 73044
611 611 609 88.2 11393 60255
912 761 763 88.2 8040 81678
397 397 440 85.8 41337 8971
427 427 558 85.8 0 63924
911 669 593 85.8 10284 57599
409 409 400 81.5 18624 24905
857 633 626 81.5 2515 65546
411 411 372 81.5 22011 18472
637 524 567 81.5 4707 56959
570 547 478 81.5 7438 44560
418 482 484 81.5 8115 44549
999 741 655 81.5 10062 61113
595 668 563 81.5 15593 45653
622 645 637 81.5 7028 62199
582 613 594 81.5 11231 53301
654 634 630 81.5 7959 60563
966 800 724 81.5 13360 65291
688 744 667 81.5 8890 63611
809 777 744 81.5 12530 68297
819 798 742 81.5 11494 69131
533 533 584 71.5 17257 38457
873 703 736 71.5 5876 64325
833 768 682 71.5 15714 49321
889 828 764 71.5 34211 38661
1107 968 846 71.5 8183 72474
816 892 813 71.5 12586 64921
734 813 819 71.5 7835 70250
918 865 851 71.5 14854 66251
988 927 876 71.5 10813 72666
949 938 882 71.5 13066 70996
826 882 853 71.5 11824 69515
986 934 906 71.5 9022 77340
887 910 873 93.9 13768 95431
858 884 874 93.9 20612 88742
745 745 770 83.9 21994 64154
676 676 739 87.5 14648 71529
814 745 750 87.5 17664 69851
748 747 716 95.5 11746 79437
659 659 662 91.5 20369 60386
952 806 768 91.5 13967 79720
835 820 739 91.5 14512 75699
743 743 728 91.5 16852 71958
706 724 723 91.5 13506 74690
739 732 722 91.5 18644 69533
731 731 716 91.5 26853 60524
675 703 691 91.5 16620 67698
445 445 517 87.5 13331 46942
626 536 604 87.5 11786 58738
592 564 534 87.5 18751 43505
603 583 564 87.5 9219 56576
521 521 501 91.5 10174 51005
638 579 565 91.5 13908 55080
828 704 627 91.5 5593 70902
765 734 650 91.5 16282 63070
697 697 652 91.5 7452 72130
576 576 592 88.3 12022 57706
751 664 670 88.3 10781 68094
567 567 559 87.5 20129 45061
547 547 578 87.5 8094 59373
601 574 559 87.5 11809 53417
784 679 629 87.5 10478 62893
385 385 412 85.2 20617 26181
404 404 494 85.2 5099 51006
237 237 294 82.6 26487 5880
379 308 376 82.6 0 41411
200 200 213 64.1 22060 -3838
383 291 309 64.1 0 26464
1765 1028 752 64.1 5255 59021
412 720 478 64.1 27112 13753
341 341 471 64.1 1115 39160
874 607 630 64.1 11056 42858
339 339 371 60.4 7877 22027
757 548 593 60.4 2141 45610
879 713 558 60.4 5366 39556
1442 1078 874 60.4 6041 64383
720 899 728 60.4 11185 47468
1105 1002 956 60.4 6861 70171
861 931 863 60.4 10101 59459
697 814 859 60.4 11896 57334
616 715 768 60.4 8556 53306
798 757 784 60.4 4071 59080
902 829 790 60.4 11131 52493
894 862 801 60.4 8375 56199
925 893 831 60.4 19869 47053
0 447 537 53.8 66463 -27974
0 223 458 53.7 66463 -33653
0 112 280 52.7 66463 -46794
905 508 499 52.7 41193 -6086
841 675 479 52.7 0 33683
1345 1010 780 52.7 2440 52403
548 779 619 52.7 11322 32151
1795 1287 1143 52.7 6427 73878
652 970 817 52.7 11325 46110
544 757 887 53.7 8104 55394
559 559 669 53.7 9404 38507
491 525 655 53.8 5715 41249
1058 792 751 53.8 11745 42103
485 638 578 53.8 7823 33638
971 805 766 53.8 7101 47844
725 765 676 53.8 15371 33093
499 632 662 53.8 5021 42456
625 628 651 62.1 11908 41952
505 567 588 62.1 10269 38366
724 645 642 62.1 7734 45389
713 679 624 62.1 3941 47732
582 630 608 62.1 6139 44172
640 635 621 62.1 11766 39660
1032 833 752 62.1 4390 57846
585 709 647 62.1 19978 33566
1101 905 848 62.1 4876 65283
738 821 735 62.1 6192 54679
502 502 600 62.1 13159 36544
513 508 608 62.1 7521 42836
648 578 584 62.1 8006 40364
661 619 593 67.8 7795 45780
713 666 607 77.5 5682 56964
741 703 640 84.0 6134 65513
627 665 630 84.0 9443 61137
623 644 636 84.0 8385 62818
580 580 589 84.0 10781 55158
697 638 634 84.0 7176 63847
692 665 623 84.0 11158 58633
529 529 540 84.0 18692 41757
466 466 515 84.0 7525 50123
608 537 539 84.8 14020 46960
508 508 494 85.0 7192 48747
662 585 555 85.0 9369 53537
540 563 516 86.2 14702 44651
619 591 568 86.2 6835 58396
614 603 564 86.2 14111 50688
734 668 623 86.2 8490 63157
566 566 546 86.2 7612 55171
492 492 530 86.2 12194 48679
473 482 505 86.2 9113 48919
511 497 501 86.2 8230 49309
668 582 543 86.2 10135 52295
824 703 612 86.2 9608 60745
738 720 633 86.2 12246 60522
649 649 619 86.2 8065 63061
600 600 609 86.2 10985 59027
599 599 607 86.2 9346 60462
680 639 622 89.7 15217 59144
546 546 544 89.8 8670 56495
489 489 523 89.6 11430 51049
613 551 546 89.6 7024 58234
510 510 498 89.6 16341 43125
790 650 606 89.6 9569 62821
552 552 505 89.6 12339 48004
449 449 491 88.8 8296 49903
540 495 505 88.8 20136 39667
0 247 314 87.6 60744 -24120
0 124 259 86.2 60744 -30943
71 71 157 82.6 30423 -13114
1004 537 451 83.8 0 50456
647 592 390 83.8 6476 37159
1040 816 657 83.8 9739 63649
735 776 619 83.8 13160 55979
572 572 595 83.8 8184 58297
653 612 645 83.8 11946 60105
761 687 657 83.8 7254 66203
664 675 645 83.8 16949 55148
503 503 527 75.1 9165 43665
512 508 553 75.1 10532 44858
665 586 566 75.1 8394 48323
502 544 525 75.1 11693 40942
557 550 539 75.1 3519 50458
744 647 595 75.1 12037 47539
584 616 571 75.1 6628 50540
298 298 378 52.0 21493 4693
398 348 444 52.0 0 30732
1909 1129 898 52.0 7076 55130
407 407 312 48.6 16008 4211
384 396 580 48.6 0 37567
576 486 454 48.6 8408 21009
328 407 458 48.6 4607 25083
620 513 489 48.6 4362 27343
641 577 498 48.6 7268 25009
1243 910 757 48.6 4782 44292
559 734 609 48.6 4859 34638
1637 1186 1045 48.6 4663 63063
696 941 790 51.6 38980 15349
821 881 934 75.5 2254 91703
471 471 582 75.5 35139 23467
633 552 706 75.5 1271 69791
582 567 569 75.5 20227 37017
514 540 557 75.5 8892 47140
401 401 429 70.0 10591 29441
327 364 420 70.0 5979 33211
386 375 394 70.0 2900 33868
646 510 470 70.0 10248 33583
689 600 505 70.0 2446 44652
551 575 512 70.0 11163 36606
448 512 499 70.0 5873 40723
287 287 361 57.0 11651 15838
454 371 434 57.0 4192 28788
474 422 395 57.0 5825 24217
867 645 553 57.0 4510 37556
562 603 494 57.0 6744 30836
1015 809 709 70.5 5092 61629
565 687 603 70.5 8446 48260
497 592 628 70.5 10081 48982
424 424 490 71.5 13642 33114
969 696 687 71.5 3916 61568
752 724 617 71.5 6330 52544
852 788 718 71.5 14790 53703
629 709 654 71.5 4390 58000
798 753 738 71.5 11435 58965
621 687 671 71.5 12050 51947
765 726 721 71.5 11745 57032
685 706 678 71.5 8386 56322
497 497 551 71.5 22386 30178
805 651 667 71.5 3657 59983
867 759 672 73.1 17158 48359
894 827 742 73.1 8526 63772
805 816 739 73.1 13707 58341
666 741 725 73.1 11760 58926
693 717 726 83.7 20857 60230
804 761 745 87.7 10914 76202
586 586 612 78.1 29071 34648
633 610 650 78.1 5806 61889
577 577 577 78.1 10963 49095
616 596 600 78.1 5941 56569
826 711 651 78.1 9687 58113
850 781 693 87.7 26988 54130
529 655 628 87.7 16989 56471
526 590 620 87.7 10623 61951
553 553 581 87.7 12606 55371
591 572 585 87.7 10879 57501
623 598 576 87.7 9531 57839
605 605 576 87.7 11445 55983
770 688 636 87.7 10091 64251
617 617 583 89.1 6842 62457
384 384 456 87.7 25342 27994
686 535 568 87.7 3052 63352
773 654 577 87.7 6849 60671
776 715 634 87.7 8612 65594
654 654 598 87.7 11814 58121
641 641 630 87.7 24161 49553
807 724 685 87.7 12483 67674
745 735 685 87.7 10989 69150
772 753 713 89.1 12137 72565
623 623 625 88.6 16307 57514
709 666 682 88.6 6207 74324
658 662 641 88.6 12531 63188
764 713 686 88.6 14117 66985
360 360 427 86.5 31599 17628
514 437 534 86.5 4344 57288
416 427 425 79.7 21186 24039
748 587 553 86.7 3223 60692
639 613 518 86.7 10023 49851
788 700 626 86.7 8820 63447
599 650 592 86.7 16059 52308
509 509 540 85.4 12277 49252
427 427 490 79.8 12406 39740
707 567 565 79.8 7995 52074
421 421 420 78.5 14895 29081
827 624 595 78.5 7897 54395
433 433 400 74.4 9330 30401
532 483 518 74.4 4491 46868
503 493 460 74.4 8154 37490
618 556 530 74.4 18105 34456
633 594 535 74.4 4794 48279
432 513 497 78.5 17265 34811
552 533 532 78.5 12400 43271
441 487 485 78.5 8845 41889
477 482 493 78.5 10996 40587
660 571 534 78.5 6892 49056
682 627 563 78.5 9257 49647
441 441 449 78.0 11896 34782
564 503 527 78.0 10160 44592
571 537 505 78.0 7142 45367
937 737 655 78.0 8479 59590
556 556 503 78.0 13500 38836
341 341 434 74.4 11944 31174
235 235 346 72.3 14460 18885
477 356 397 74.4 2116 37306
263 263 270 72.3 11979 14002
618 440 407 72.3 1099 38171
658 549 432 72.3 5661 35999
614 582 499 72.3 9617 38524
368 475 447 72.3 27752 15382
608 542 533 72.3 4077 47301
445 493 477 72.3 12882 33092
316 316 379 67.5 6667 27429
535 426 450 67.5 6989 33531
317 371 361 67.5 8485 23977
143 143 229 66.3 15267 4990
271 207 267 66.3 0 23623
205 206 209 66.3 7443 11061
348 277 263 66.3 1004 22273
401 339 277 66.3 6974 17537
362 351 304 66.3 2387 24480
465 408 360 66.3 4913 26915
336 372 341 66.3 4382 25807
251 251 284 66.3 4100 21013
771 511 467 66.3 2349 38946
334 423 353 66.3 11768 19454
453 438 434 66.3 4307 34065
705 572 496 66.3 4383 39431
482 527 479 66.3 5060 37269
590 558 532 66.3 10505 36531
546 552 518 66.3 5434 40337
498 525 520 66.3 6952 39055
880 703 639 66.3 9706 46801
325 325 360 66.3 16159 15635
371 348 458 66.3 1745 38791
758 553 498 72.9 5419 43008
535 544 486 72.9 8400 38786
415 415 415 72.9 27268 13083
298 357 394 72.9 1576 36706
484 421 429 72.9 6913 34820
702 561 499 72.9 6104 42414
806 684 571 72.9 10648 44857
363 363 373 72.6 9884 26226
661 512 549 72.6 3361 49825
718 615 538 72.6 11084 40962
826 721 642 76.8 9884 55779
454 454 449 73.3 16088 27807
1322 888 816 73.3 1964 77865
598 598 520 73.0 13826 36834
652 625 682 73.0 7757 58610
478 478 492 70.7 7928 38480
423 423 508 70.7 5427 42468
683 553 536 70.7 8661 41892
490 522 486 70.7 7031 38817
496 509 498 70.7 13773 33193
685 597 550 70.7 4051 47801
867 732 642 70.7 13695 46794
476 476 475 70.7 9883 34870
367 367 461 70.7 5415 38070
287 287 364 69.4 13997 19716
740 513 502 69.4 3322 43117
307 410 362 69.4 14395 19072
708 559 517 69.4 2021 45838
618 589 497 70.7 8319 38491
480 534 514 70.7 5380 43029
474 504 501 70.7 47415 -199
474 489 495 70.7 47415 -199
474