3174 1587 1587 1322.5 1005 210591
1215 1215 1215 201.1 73769 88167
1264 1264 1264 82.0 8262 129965
1550 1407 1407 84.8 14041 145010
1301 1301 1301 82.9 21890 121980
1541 1421 1421 84.5 19066 141098
1293 1293 1293 85.2 15406 131417
1376 1334 1334 86.6 22495 131625
1457 1396 1396 88.1 10231 153659
1234 1234 1234 87.2 17095 126449
1253 1243 1243 88.4 16156 130439
1381 1312 1312 88.7 18956 136200
1383 1348 1348 88.9 17486 142297
1463 1406 1406 89.2 17529 149598
1399 1399 1399 89.4 73712 93093
1349 1374 1391 89.7 29568 136725
1442 1408 1406 89.9 126234 42399
1318 1363 1377 90.2 102612 62943
1493 1428 1427 90.4 101153 70910
3162 2295 2164 90.7 166901 94834
0 1147 1624 88.4 256303 -64817
12 12 576 77.7 254861 -195174
12 12 168 57.7 253419 -240495
12 12 28 20.7 253419 -252657
0 6 69 12.5 0 1142
0 3 4 5.5 0 26
0 1 1 5.8 0 11
0 1 1 6.1 0 8
0 0 0 6.3 0 4
0 0 0 6.6 0 4
360 180 166 6.6 0 1463
360 270 225 6.6 2204 -224
360 315 291 6.6 0 -224
0 157 139 6.6 2379 -1155
0 79 96 6.6 0 846
0 39 39 6.6 0 343
0 20 28 6.6 0 243
0 10 14 6.6 0 243
569 289 271 6.6 0 2386
317 303 243 6.6 0 2133
317 310 303 6.6 0 2660
464 387 348 6.6 0 3063
0 193 171 6.6 0 1502
1801 997 941 6.6 0 8277
1801 1399 1193 6.6 0 10487
1801 1600 1540 6.6 1305 10487
1603 1602 1491 6.6 1001 12112
669 1135 1032 6.6 1100 7977
128 632 590 6.6 0 5192
337 485 477 6.6 0 4196
524 504 523 6.6 0 4595
524 514 530 19.5 0 13776
2325 1420 1439 34.1 1223 64263
2048 1734 1574 36.2 9076 66941
1753 1743 1657 36.3 7257 72928
1086 1415 1156 39.5 18700 42127
1838 1626 1582 40.4 6270 79043
1787 1706 1634 40.4 10289 77822
1501 1604 1580 49.4 11160 92953
1307 1455 1377 53.7 16180 82386
915 1185 1120 53.7 12142 68038
1204 1195 1195 53.7 37303 48228
7440 4318 4657 53.7 5276 328040
1098 1098 2115 49.4 173092 -33732
1204 1204 1912 49.4 15170 110852
1789 1496 1100 55.0 18711 61955
2331 1914 1749 56.8 2036 130409
1857 1885 1657 60.8 15402 118818
1322 1604 1580 60.8 15768 112229
1313 1458 1516 60.8 17502 105315
1572 1515 1525 60.8 15409 108162
1622 1569 1519 60.8 11549 111510
1906 1737 1595 74.6 13064 145701
1280 1280 1361 74.6 25306 110151
1596 1438 1415 74.6 20680 120115
1386 1412 1392 74.6 15055 123514
1291 1351 1342 74.6 14613 118942
1452 1401 1338 76.5 14102 122440
1731 1566 1442 80.0 15964 137895
1225 1225 1273 80.0 17851 118023
1163 1163 1210 80.0 12888 116205
1365 1264 1238 80.0 11929 120221
1337 1301 1246 80.0 12938 120035
1226 1226 1189 80.0 13128 113758
1104 1165 1155 80.0 17948 105281
1331 1248 1195 80.0 14686 112898
1524 1386 1273 80.0 13367 122439
1647 1516 1363 80.0 19612 125823
1398 1457 1368 80.0 16322 129698
1487 1472 1405 80.0 11468 138442
1394 1433 1403 80.0 18041 131695
1292 1292 1325 80.0 21882 119557
887 887 1070 77.1 31374 78636
595 595 826 77.1 24629 60348
1102 848 870 80.0 5783 87051
1379 1114 974 84.5 5398 104371
2139 1626 1270 84.5 8438 134696
1514 1570 1332 84.5 19109 131026
1377 1474 1369 84.5 16333 137933
1373 1373 1362 84.5 14792 138721
1453 1413 1404 84.5 20302 137928
1298 1298 1319 84.5 17761 130867
1519 1409 1355 84.5 14917 137806
1508 1458 1383 90.7 17461 149805
1241 1241 1267 89.2 21584 129208
1270 1270 1261 89.2 16288 133745
1187 1187 1209 89.2 17707 126184
1739 1463 1347 89.2 10811 149476
1377 1377 1309 89.2 10036 145735
1260 1260 1252 91.2 14834 137361
1181 1181 1201 91.8 20587 126430
1455 1318 1276 91.8 10876 145378
1504 1411 1322 91.8 22414 139520
1291 1291 1260 91.8 14577 139732
1452 1371 1306 91.8 18400 141570
1273 1273 1269 91.8 20241 135217
1314 1314 1286 91.8 15782 141700
1429 1429 1345 91.8 14162 150582
1256 1256 1262 91.8 26185 128391
1643 1449 1358 91.8 13496 152802
1471 1460 1388 91.8 13567 156377
1308 1308 1315 92.2 19594 142027
1435 1372 1335 93.2 21837 144135
1278 1278 1293 94.0 16194 145946
1414 1414 1354 94.0 28101 141643
980 980 1104 93.2 40045 97153
539 539 799 92.2 67034 31174
197 197 495 88.0 66818 -8708
808 502 569 88.0 0 66709
1562 1032 821 88.0 8699 87669
2033 1532 1143 88.0 11557 122482
1295 1414 1159 88.0 19008 116900
1237 1326 1205 88.0 16814 124523
1375 1350 1299 88.0 20898 131472
1460 1405 1370 91.2 24060 142637
1356 1356 1330 91.2 19361 142364
1390 1373 1332 91.2 10367 151641
1116 1116 1178 82.6 27935 101857
1391 1253 1236 82.6 10284 125885
1267 1267 1239 82.6 8857 127700
1416 1342 1277 82.6 13937 126811
1195 1268 1228 82.6 31681 103567
1769 1518 1394 82.6 11838 141745
1425 1472 1398 82.6 18601 135383
1191 1191 1237 82.6 23599 112695
1424 1308 1287 82.6 11693 130121
1488 1398 1358 82.6 26096 123488
1554 1476 1397 82.6 18117 135794
1197 1197 1222 82.6 14837 119831
1352 1275 1263 82.6 19680 119478
1270 1270 1265 82.6 9094 130290
1531 1400 1334 82.6 14895 132103
1490 1445 1356 82.6 16659 132785
1456 1451 1382 82.6 13268 138974
1250 1250 1273 82.6 19190 121052
1215 1215 1245 85.1 15964 125277
1246 1246 1252 85.6 16341 126587
1433 1340 1294 90.0 15894 139372
1382 1361 1297 90.0 20409 135225
1339 1339 1292 90.0 14732 140307
1188 1188 1209 90.0 18037 127023
1218 1218 1220 90.0 32860 113511
1218 1218 1213 90.0 132671 113511
1218 1218 1200 90.0 239188 113511
1218 1218 1187 90.0 349861 113511
1218 1218 1190 90.0 458425 113511
1370 1294 1238 90.0 25283 123234
1266 1266 1229 91.8 22149 128297
1309 1287 1245 91.8 15828 136516
1195 1195 1195 91.8 17495 128790
992 992 1066 90.0 21179 106727
1474 1233 1184 90.0 12411 129726
1196 1215 1181 90.0 22941 118758
511 511 736 85.6 67662 16422
697 604 715 85.4 2040 79445
1985 1295 1120 85.4 10464 117065
606 606 710 82.9 50996 27405
149 149 374 79.2 54868 -15315
605 377 476 79.2 0 50279
486 432 471 79.2 8351 41432
3340 1886 1296 79.2 5749 131127
1259 1573 1205 79.2 13760 113519
1708 1640 1375 79.2 12725 132549
1857 1749 1557 79.2 51992 112545
1094 1094 1301 68.6 23767 95290
1173 1134 1235 68.6 8910 104059
1582 1358 1341 68.6 13582 109104
1118 1238 1267 68.6 12493 103478
1579 1409 1303 68.6 12222 107044
1614 1511 1391 68.6 10983 116286
1428 1470 1412 68.6 16017 113169
1423 1447 1396 68.6 15290 112417
1336 1391 1382 68.6 13343 113104
1495 1443 1419 68.6 19129 110680
1226 1335 1344 68.6 14299 108653
1564 1449 1405 68.6 20450 108110
1720 1584 1488 68.6 10390 125754
1245 1415 1404 68.6 13800 114724
1832 1624 1525 68.6 6940 132568
1297 1297 1345 68.6 15210 107856
1242 1270 1323 68.6 14724 106363
1588 1429 1381 68.6 6415 119973
1366 1398 1386 68.6 11820 115001
1685 1541 1444 80.8 12540 143118
1316 1316 1317 83.6 21656 125158
1376 1376 1365 83.6 15055 137080
1202 1202 1245 86.9 24433 119877
1485 1344 1330 88.0 14440 141572
1580 1462 1377 88.0 28293 133240
1434 1448 1392 88.0 16498 146723
926 926 1057 86.9 38783 83682
596 596 820 83.6 42817 48564
358 358 605 69.9 41957 14441
1967 1162 1050 69.9 0 97787
1825 1494 1228 83.2 11838 124460
2040 1767 1434 83.2 19948 139115
1505 1636 1401 83.2 18702 136702
1474 1555 1487 83.2 17619 147424
1447 1501 1497 83.2 14770 151345
1618 1559 1558 83.2 29122 143786
1261 1261 1342 79.5 16903 125357
1676 1468 1441 79.5 20171 132580
1472 1470 1438 79.5 15928 136463
1281 1281 1322 79.5 17098 122985
1608 1445 1380 79.5 13417 132818
1557 1501 1448 79.5 12182 141292
1530 1515 1465 79.5 12167 143082
1140 1140 1206 76.7 11628 111783
1319 1230 1258 76.7 11892 116817
1230 1230 1251 76.7 17413 110554
1323 1276 1271 76.7 11490 118495
1322 1299 1242 76.7 16077 110994
1496 1398 1324 76.7 11412 124007
1126 1262 1248 76.7 19136 108527
1353 1308 1279 76.7 14546 116343
1254 1281 1266 76.7 55923 73562
1492 1387 1342 76.7 124469 12828
11 11 445 65.5 134808 -95944
20 20 332 55.1 132244 -107872
12 12 243 39.7 130802 -117939
12 12 184 4.7 129360 -128203
12 12 12 4.7 127474 -127400
12 12 12 4.7 126032 -125954
841 841 561 4.7 0 3534
31813 16327 16452 4.7 0 103647
1118 8722 7107 4.7 13722 31051
551 4637 5327 4.7 4120 29440
1724 3180 4860 4.7 2896 27721
216 216 6106 4.5 8680 28071
543 379 1791 4.5 3166 7616
1094 737 1052 4.5 1147 5186
1359 1048 1260 4.5 0 7584
1359 1204 880 4.5 2342 2952
0 602 501 4.5 4664 -1648
0 301 346 4.5 4664 -2582
1496 898 738 4.5 0 4443
2135 1517 1204 4.5 0 7249
1611 1564 1208 4.5 0 7271
1611 1588 1179 4.5 0 7098
757 1172 958 4.5 0 5765
646 909 883 4.5 0 5317
1261 1085 975 4.5 0 5866
1261 1173 1049 4.5 0 6314
626 899 828 4.5 0 4982
3286 2093 1582 4.5 0 9524
3286 2690 1995 4.5 0 12009
1593 2141 1761 4.5 1243 9353
2540 2341 1810 4.7 0 11405
5130 3735 2892 6.1 1236 22159
6556 5146 4065 6.3 3777 30390
6662 5904 4669 37.6 1294 233018
920 920 1137 39.0 103879 -44776
975 975 1451 39.0 0 75382
1696 1335 1490 39.0 6065 71380
2582 1959 2378 39.0 9658 113918
1279 1619 1286 39.0 4689 62132
1112 1365 1154 39.0 6679 53293
1966 1666 1367 39.0 7118 63930
1126 1396 1278 58.2 8334 90777
1232 1314 1206 67.3 10323 97822
1526 1420 1203 68.4 10478 99217
1172 1296 1173 68.4 13477 93504
1368 1332 1168 68.4 14659 91867
1307 1320 1132 83.9 10001 116615
1396 1358 1185 85.7 16762 118682
1505 1431 1212 85.7 13604 124994
980 980 911 85.2 22891 80549
1429 1205 1073 85.2 6010 115873
1639 1422 1188 85.2 15637 119327
1195 1308 1160 85.2 16973 114761
1423 1365 1132 85.2 11188 117391
1199 1282 1091 85.2 15508 108482
1224 1253 1119 85.2 17830 109270
1106 1106 990 85.2 14417 98079
1118 1112 1008 85.2 14949 99561
1435 1274 1096 85.2 10623 113871
1319 1296 1113 85.2 19632 106791
1364 1330 1124 85.2 55237 72495
1280 1305 1102 85.2 62811 62351
11 11 238 79.6 124082 -98868
135 135 340 66.9 96083 -65748
961 548 530 79.6 0 56224
414 414 503 77.1 12471 39253
501 457 346 77.1 9195 26384
1101 779 556 77.1 3324 53828
1036 908 719 80.6 7401 69830
950 929 733 80.6 7686 71015
859 894 709 80.6 11727 64454
1501 1198 968 80.6 4717 99238
1049 1123 930 80.6 13929 85989
796 960 847 80.6 23844 67181
1021 990 844 80.6 11258 79417
745 868 800 80.6 22639 63296
474 474 529 76.2 25510 28199
171 171 287 59.0 21504 1050
84 84 211 54.3 11403 3871
91 91 193 41.9 9118 1639
91 91 137 41.9 9118 1639
297 194 163 41.9 0 9106
297 245 183 41.9 9257 9106
297 271 209 41.9 18047 9106
297 284 216 41.9 26611 9106
297 290 237 41.9 34728 9106
297 294 247 41.9 43364 9106
297 295 252 41.9 52034 9106
297 296 255 41.9 60564 9106
297 296 256 41.9 69050 9106
297 297 257 41.9 78503 9106
297 297 257 41.9 87413 9106
297 297 257 46.6 96398 9106
297 297 257 46.6 105057 9106
0 148 155 46.6 113536 -103919
12256 6202 4322 46.6 0 268368
2091 4146 2825 46.6 191920 -16504
440 440 800 41.9 131641 -86965
180 180 247 32.1 115121 -104566
0 90 960 32.1 115121 -74054
5 5 670 28.6 113679 -88153
405 405 351 28.6 61358 -47990
1132 768 537 28.6 0 20488
5471 3120 2188 28.6 2470 80934
1677 2398 1576 28.6 8632 51428
1659 2029 1634 28.6 5990 56295
1154 1591 1217 28.6 8281 38116
2207 1899 1829 28.6 3533 66203
1973 1936 1703 35.0 5611 73935
2202 2069 1787 35.0 6941 76550
1331 1700 1444 35.0 8583 58873
576 576 733 35.0 9728 24514
322 449 660 35.0 4533 26285
1175 812 850 35.0 2107 37584
610 711 742 35.0 18063 16618
42 42 144 21.8 27792 -23618
240 240 268 21.8 0 7784
3357 1798 1343 21.8 0 39003
514 1156 850 21.8 4621 20058
7080 4118 2985 21.8 2585 84109
1363 2740 1817 21.8 15436 37336
771 1755 1727 21.8 12837 37321
862 1309 1084 21.8 6616 24872
156 156 742 15.5 14861 434
29 93 518 14.2 12438 -2611
71 71 268 13.6 0 4854
1354 712 702 13.6 0 12702
4049 2381 1666 13.6 1299 28856
741 1561 1077 13.6 2762 16726
1347 1454 1139 13.6 1234 19382
1985 1720 1271 14.3 2787 21514
14175 7947 5978 14.3 2410 111876
1253 4600 3303 14.3 19508 43634
1201 2900 2707 14.3 4759 46995
395 1648 1505 14.3 18990 9779
1475 1561 2297 14.3 0 43906
697 1129 1420 14.3 6462 20683
343 736 938 14.3 2417 15513
1449 1093 1008 14.3 0 19260
3294 2193 1729 14.3 1651 31403
9800 5997 4366 14.3 4446 79017
2376 4186 2986 14.3 8341 48745
1237 2711 2293 14.3 5947 37885
1378 2045 1856 14.3 4859 30630
2367 2206 2425 14.3 4089 42266
2287 2246 2170 45.7 5831 126348
1601 1924 1761 45.7 10123 97146
1266 1595 1455 45.7 9955 78662
1396 1495 1396 45.7 8920 76102
2079 1787 1591 45.7 7807 89123
1267 1527 1352 45.7 14229 68110
1372 1449 1283 45.7 6783 71381
1459 1454 1258 45.7 6376 70254
1322 1388 1246 51.6 6937 78722
1758 1573 1346 60.0 6778 100826
1272 1423 1220 75.3 14578 107943
1306 1364 1197 75.3 13721 106552
762 762 756 63.4 30143 33723
425 425 560 60.4 6701 38372
6936 3681 2799 60.4 5215 220195
607 607 536 55.8 139087 -99238
1247 1247 1182 55.8 0 87899
1076 1161 846 55.8 13614 49275
2441 1801 1767 55.8 7460 123951
2250 2025 1508 55.8 23405 88778
1535 1780 1461 55.8 15105 93514
885 885 853 60.1 16500 51934
1204 1044 1047 63.3 3665 84727
663 663 758 63.1 11309 52427
1222 942 931 63.1 3059 75232
617 780 676 63.1 22593 34263
326 326 404 60.1 12912 19513
3379 1852 1395 60.1 2716 109168
311 311 334 55.4 72753 -48098
84 198 345 55.4 66182 -40667
987 592 461 55.4 0 34089
8272 4432 3260 55.4 3531 237390
1291 1291 910 47.4 86795 -29295
1123 1207 1075 47.4 0 67921
3175 2191 1680 47.4 3972 102146
1455 1823 1825 47.4 6051 109241
1661 1742 1464 47.4 11025 81427
1862 1802 1490 47.4 5538 88545
1446 1624 1475 47.4 9694 83448
1995 1809 1560 47.4 7466 91072
1674 1742 1494 47.4 7145 87229
1445 1593 1412 47.4 12275 76890
2082 1838 1555 47.4 8129 90087
1877 1857 1578 47.4 12044 87652
1532 1695 1475 47.4 7442 85742
1599 1647 1433 58.1 9047 102023
1824 1736 1512 58.1 16869 100357
1460 1598 1416 58.1 18238 91529
1441 1520 1351 58.1 11786 92903
1258 1389 1251 58.1 13187 83764
939 1164 1104 58.1 13950 71633
1362 1263 1146 58.1 6723 82088
783 1023 958 58.1 9634 64623
246 246 425 47.4 41226 -14354
51 51 259 38.2 33403 -20192
770 410 458 38.2 0 23353
4612 2511 1810 38.2 3165 89040
1951 2231 1530 38.2 17402 60531
1221 1726 1311 57.3 18290 81847
511 1118 973 80.7 62048 42705
152 152 545 38.2 75842 -48069
229 229 524 38.2 44980 -18266
1356 793 771 40.4 0 41523
695 744 646 40.4 5615 29165
6357 3550 2454 40.4 4062 127995
1357 2454 1706 40.4 24066 67757
493 493 637 28.6 16787 7500
192 192 418 28.6 0 15949
252 222 670 28.6 2202 23327
2449 1336 1240 28.6 5907 41361
1719 1527 1090 28.6 4874 36691
2475 2001 1436 28.6 2364 52394
1522 1762 1297 28.6 8418 41039
1141 1451 1271 28.6 7327 41126
1354 1402 1260 28.6 5616 42410
2231 1817 1583 28.6 5711 54663
1583 1700 1460 28.6 4597 51060
809 1254 1143 28.6 5428 38147
913 1084 1026 28.6 8888 30216
6864 3974 3015 28.6 4048 110896
1626 2800 2143 28.6 22372 59327
1540 2170 1853 28.6 7988 62672
1245 1708 1499 28.6 10676 46459
811 1260 1530 30.0 7768 53510
1110 1185 1289 40.8 9106 61034
863 1024 1062 40.8 6897 50922
1084 1054 1013 40.8 10638 44499
1386 1220 1055 40.8 11202 46215
1172 1196 1026 40.8 14228 41621
420 420 491 39.8 3118 22959
1577 999 898 41.9 3764 46414
835 917 809 51.8 9522 46375
835 876 804 51.8 53838 46375
0 438 409 51.8 79592 -51292
0 219 340 51.8 79592 -56062
101 101 225 39.8 43372 -31402
0 50 168 39.8 33738 -24828
120 120 147 51.8 0 10186
929 524 386 52.2 1499 25357
1829 1177 808 52.2 5102 51201
1751 1464 1013 52.2 13458 57068
1654 1559 1129 52.2 9009 69599
978 1269 1011 52.2 22765 47636
1222 1246 1095 52.2 4128 72164
1359 1302 1156 52.2 32529 47983
105 105 350 39.8 67438 -48892
361 361 505 39.8 13464 13338
134 247 350 39.8 12777 5764
98 98 256 29.4 2723 7321
281 190 161 29.4 0 6288
1358 774 578 29.4 0 22626
13642 7208 4961 29.4 0 194344
309 309 349 27.5 136529 -123748
71 190 613 27.5 135087 -112645
6 6 287 21.0 133645 -125605
975 975 1589 21.0 22169 22282
2419 1697 1137 21.0 3849 27955
2748 2223 1509 21.0 3926 38279
966 1594 1157 21.0 6377 26004
2417 2006 1589 21.0 3970 40479
3360 2683 2112 21.0 5729 53348
1595 2139 1844 21.0 8461 43128
2454 2296 1902 21.0 3423 49791
1967 2132 1850 21.0 7720 44027
1615 1874 1762 21.0 7433 41862
1723 1799 1636 21.0 6327 39435
1237 1518 1458 26.1 5292 45485
2325 1921 1678 26.1 4488 53977
1760 1841 1584 26.1 6373 48787
1188 1514 1375 26.1 5500 42398
1196 1355 1241 26.1 5116 38095
1560 1458 1338 26.1 4873 41745
1283 1370 1255 26.1 5532 38195
680 1025 990 26.1 6940 27561
117 117 383 11.6 20442 -14539
32 32 308 11.5 15519 -10796
442 237 370 11.5 0 5672
3023 1630 1184 11.5 0 18160
3786 2708 1785 11.5 2003 25365
3312 3010 2062 11.5 1936 29682
2315 2662 1967 11.5 1444 28713
3826 3244 2578 11.5 1996 37536
1774 2509 2245 50.1 5712 144240
1129 1129 1391 46.5 19804 66351
905 1017 1234 70.8 6988 109532
1270 1144 1301 70.8 12009 110873
881 881 990 66.0 17492 69580
866 874 807 66.0 12666 58315
1167 1020 879 66.0 8515 68785
2323 1672 1312 66.0 11430 103934
1180 1426 1134 66.0 18180 81588
792 792 755 66.0 12841 53542
328 328 472 49.6 14102 17121
1326 827 835 49.6 1172 54097
734 781 739 49.6 5738 43128
1357 1069 853 49.6 3043 53418
1531 1300 960 49.6 4759 58778
1478 1389 1098 49.6 8485 64165
1269 1329 1074 49.6 6915 64166
1123 1226 1055 49.6 6708 63116
1595 1410 1204 49.6 7542 72088
2066 1738 1424 49.6 7348 86869
1130 1434 1229 49.6 9317 72011
932 1183 1071 49.6 18757 52071
1861 1522 1307 66.0 7218 107736
1827 1674 1432 69.6 14453 118413
1443 1559 1328 69.6 14543 108737
763 763 795 66.7 24812 45860
808 785 842 66.7 2954 71903
949 867 873 66.7 6457 71145
1770 1318 1129 66.7 6263 94114
1352 1335 1048 66.7 9865 83310
1451 1393 1113 66.7 10219 88765
1080 1236 1038 69.6 7971 88348
1214 1225 1090 69.6 11428 89761
1013 1119 1018 69.6 34813 59629
1176 1148 1037 86.4 18788 100679
1269 1208 1051 91.1 14894 112775
1497 1352 1143 91.1 11545 127231
1195 1195 1032 91.1 15277 110100
1400 1297 1110 91.1 9091 125668
1218 1258 1090 96.0 12251 127266
1172 1172 1053 98.6 10468 127865
1255 1213 1060 98.6 24607 114635
1201 1201 1060 100.5 10534 130862
1180 1180 1041 100.5 11398 127355
1300 1240 1069 100.5 16747 125831
1375 1307 1118 100.5 18346 130742
1317 1312 1123 100.5 17199 132539
1239 1239 1078 100.5 15187 128521
1165 1165 1040 100.5 11721 126881
1100 1100 1001 100.5 17407 116093
2011 1556 1292 102.2 12222 160068
1189 1189 1045 102.2 30059 109253
1403 1296 1120 102.2 19220 130124
1054 1054 953 98.3 20459 104439
1291 1173 1079 98.3 11418 130091
1196 1196 1040 102.2 23165 115539
1162 1162 1030 102.9 20547 116826
848 848 799 101.8 21624 84911
777 777 763 96.9 5843 92779
1481 1129 978 96.9 18814 107583
1534 1331 1097 96.9 18723 123039
1721 1526 1201 96.9 11408 143750
1148 1148 969 95.5 16521 106807
1388 1268 1104 95.5 13182 127322
1324 1296 1139 95.5 15541 129378
1208 1208 1101 95.5 13245 126890
1196 1196 1048 95.5 16910 116477
1166 1181 1051 95.5 39016 94702
1005 1005 936 95.5 16489 102587
1265 1135 1005 95.5 16294 111677
1307 1221 1053 95.5 73888 60110
1195 1208 1044 95.5 113040 19875
1335 1271 1071 95.5 62701 73636
1008 1140 1006 95.5 117881 10110
0 570 646 93.9 127641 -46706
0 285 447 91.1 127641 -73417
18 18 245 79.7 125277 -99223
15 15 190 55.4 123395 -109338
793 793 601 55.4 19957 24439
1418 1105 769 55.4 2179 54659
1478 1291 898 55.4 7319 58993
1342 1317 956 55.4 6072 64556
2038 1677 1313 55.4 9305 87727
1709 1693 1377 55.4 10477 91260
1419 1556 1330 55.4 10403 87875
1174 1365 1219 55.4 7659 82406
1133 1249 1181 55.4 8771 78506
1322 1285 1192 55.4 14473 73617
1055 1170 1088 55.4 6021 74358
1123 1147 1044 55.4 4936 72220
1399 1273 1107 55.4 10318 71488
1795 1534 1280 55.4 12860 81710
1749 1642 1345 55.4 12867 86500
1532 1587 1324 55.4 9765 88091
1126 1356 1203 55.4 8358 80521
1384 1370 1244 55.4 15541 76371
1619 1495 1327 55.4 7561 90489
1327 1411 1260 55.4 7065 86038
1335 1373 1211 55.4 14321 75127
1288 1330 1184 55.4 13967 73530
1500 1415 1251 55.4 7927 84511
1224 1319 1176 55.4 8077 78786
1283 1301 1161 55.4 7520 78221
1106 1204 1089 55.4 10919 69532
1899 1551 1323 92.7 5144 158431
1791 1671 1389 102.0 146383 38806
0 836 854 102.0 63961 49932
449 449 593 102.0 6598 72477
875 662 736 102.0 10593 87595
1064 863 841 102.0 8379 103764
1003 1003 824 102.0 10933 98906
1190 1096 853 102.0 23054 90693
921 921 781 102.0 14242 89879
864 864 777 102.0 34767 68791
1037 950 845 102.0 7122 105600
1143 1047 914 102.0 12712 109095
1001 1024 879 102.0 18910 98347
891 891 792 101.0 81147 24474
986 986 866 102.3 33206 82274
1549 1268 1058 102.3 86146 54859
1411 1339 1106 102.3 116190 31230
1758 1549 1244 102.3 3436 162377
1020 1020 925 99.4 39695 82878
1069 1069 999 99.4 6591 125868
1015 1015 955 99.4 28953 97692
996 996 955 99.4 14742 111834
893 893 816 92.3 16481 84023
1170 1031 910 92.3 14563 97423
881 956 850 92.3 23120 81492
1218 1087 935 92.3 5692 109476
1421 1254 1034 92.3 6043 121269
1204 1204 1026 92.3 10172 116105
845 845 793 82.4 29688 57359
447 447 546 79.8 25379 32775
1938 1192 1033 79.8 4367 105589
1050 1121 959 79.8 11395 90634
447 447 491 79.5 47003 5058
873 660 591 82.4 0 64940
1112 886 805 82.4 8890 79492
894 890 789 82.4 13053 73602
981 935 749 82.4 10645 71592
1603 1269 1004 82.4 10241 100039
811 811 740 81.9 18489 62337
981 896 809 81.9 6205 82079
1427 1162 978 81.9 12366 94418
953 1057 946 81.9 10591