0 0 0 0.0 6943 -6943
0 0 0 0.0 6943 -6943
0 0 0 0.0 6943 -6943
0 0 0 0.0 6943 -6943
0 0 0 0.0 0 0
0 0 0 0.0 8907 -8907
0 0 0 0.0 8907 -8907
0 0 0 0.0 8907 -8907
0 0 0 0.0 8907 -8907
0 0 0 0.0 0 0
0 0 0 0.0 11104 -11104
0 0 0 0.0 11104 -11104
0 0 0 0.0 11104 -11104
0 0 0 0.0 11104 -11104
0 0 0 0.0 0 0
0 0 0 0.0 13458 -13458
0 0 0 0.0 13458 -13458
0 0 0 0.0 13458 -13458
0 0 0 0.0 13458 -13458
0 0 0 0.0 0 0
0 0 0 0.0 15596 -15596
0 0 0 0.0 15596 -15596
0 0 0 0.0 15596 -15596
0 0 0 0.0 15596 -15596
0 0 0 0.0 0 0
0 0 0 0.0 17984 -17984
0 0 0 0.0 17984 -17984
0 0 0 0.0 17984 -17984
0 0 0 0.0 17984 -17984
0 0 0 0.0 16847 -16847
0 0 0 0.0 16847 -16847
0 0 0 0.0 16847 -16847
0 0 0 0.0 16847 -16847
0 0 0 0.0 0 0
0 0 0 0.0 2265 -2265
25 25 0 0.0 0 0
562 294 3466 0.0 0 0
0 147 0 0.4 0 0
0 73 147771 0.4 0 83450
854 464 0 0.1 14032 -14032
2118 1291 3048 0.1 0 255
0 645 687 0.1 0 86
1374 1010 3457 0.1 0 578
0 505 4860 0.2 0 1017
0 252 0 0.2 0 1017
558 405 213 0.2 0 53
920 663 615 0.2 0 180
0 331 345 0.3 0 115
1193 762 554 0.3 0 208
1612 1187 976 0.3 0 408
3200 2194 2280 0.7 0 2146
229 1211 1465 1.1 0 2145
354 783 797 1.5 0 1584
354 568 1100 1.9 0 2760
0 284 302 2.3 0 915
2941 1613 1585 2.7 0 5635
1550 1581 1557 3.1 0 6349
2075 1828 1401 3.5 0 6444
1527 1678 1198 3.8 0 6139
1754 1716 1843 4.2 0 10409
2491 2103 2201 4.3 1166 11543
2239 2171 2399 4.4 1338 12822
6372 4272 4108 4.5 2033 22743
3547 3910 4408 4.6 2259 24887
5481 4695 4564 4.7 2355 26335
4557 4626 4914 4.8 3268 28252
9956 7291 7939 4.9 3073 48866
2520 4905 7745 5.0 12522 39135
1967 3436 3268 5.1 9147 13071
3847 3641 5468 13.7 0 99612
1636 2639 2111 20.5 12029 45715
1696 2167 1792 25.4 5002 55607
1833 2000 1844 42.5 8042 96477
1602 1801 1540 42.5 88267 -998
829 1315 1195 47.9 0 76299
2140 1727 1504 52.6 12292 93276
1470 1598 1496 52.6 17074 87907
934 1266 1184 52.6 26854 56253
702 984 993 52.6 76851 -7180
171 171 197 47.9 43122 -30572
307 307 148 47.9 7219 2233
514 411 298 47.9 0 19042
1239 825 638 47.9 2112 38577
2372 1598 1467 47.9 6762 86844
2271 1935 1880 60.4 29922 121573
1621 1778 1785 60.4 18500 125368
1417 1597 1591 60.4 21115 107113
1186 1391 1339 60.4 18195 89694
1350 1371 1257 60.4 7560 93757
1510 1441 1328 60.4 11495 95549
1676 1559 1448 60.4 14410 102245
1387 1473 1408 60.4 29568 83860
1323 1398 1330 60.4 10155 96984
1669 1534 1439 60.4 19871 96050
1334 1434 1366 60.4 14815 95276
1998 1716 1588 60.4 10080 117870
1530 1623 1576 60.4 15705 111301
1314 1468 1398 79.6 42770 105712
1589 1529 1452 84.5 13765 149827
1395 1462 1386 84.5 25963 130175
1225 1225 1168 85.3 23779 109129
1506 1365 1266 85.3 31161 112944
1477 1421 1341 85.3 14344 138295
1655 1538 1438 85.3 17136 146514
482 482 585 84.5 97100 -31196
366 366 291 81.1 46234 -14808
217 217 198 73.4 15233 4107
363 290 164 73.4 0 16076
7689 3990 3471 73.4 2154 337538
1698 2844 3052 81.2 147723 182744
1261 1261 1367 73.4 162335 -28603
450 450 590 60.4 89157 -41701
1173 812 994 60.4 0 80005
1751 1281 1282 60.4 13440 89726
1303 1292 1163 60.4 10276 83334
1288 1290 1151 60.4 9579 83054
906 1098 1039 60.4 9693 73934
1688 1393 1307 60.4 13464 91713
1788 1590 1483 60.4 52255 67136
1567 1579 1452 60.4 12155 104718
1274 1426 1336 60.4 30870 76640
662 662 708 48.7 35097 10925
2000 1331 1282 48.7 1318 81971
2000 1666 1579 48.7 80907 81971
2000 1833 1636 48.7 159536 81971
2000 1917 1728 48.7 234683 81971
2000 1958 1820 48.7 310252 81971
2000 1979 1865 48.7 386773 81971
10 10 194 40.5 327957 -317457
352 352 481 40.5 280544 -254556
995 995 1082 40.5 169411 -110924
1837 1416 1268 40.5 0 68533
2215 1816 1524 40.5 7301 75075
1825 1820 1589 40.5 13621 72229
1379 1600 1462 48.7 11013 83963
855 1227 1200 48.7 8927 69015
1639 1433 1412 48.7 9883 81835
1443 1438 1408 48.7 10616 80875
1826 1632 1528 48.7 13107 86191
1680 1656 1538 48.7 36764 63178
1889 1772 1647 80.5 8427 168452
1163 1163 1140 82.6 54831 70757
1130 1130 1127 82.6 20725 103464
1450 1290 1292 82.6 10333 131966
1297 1293 1257 82.6 81785 56700
591 591 611 68.5 14126 41644
2082 1336 1257 68.5 11155 103684
1414 1375 1314 68.5 17293 102755
1265 1320 1197 68.5 9810 99536
1316 1318 1210 68.5 28947 81606
1189 1253 1205 68.5 11450 98659
1384 1319 1260 82.6 50414 88372
1491 1405 1330 82.6 27116 119467
1254 1329 1260 82.6 12800 126030
816 816 825 70.0 35162 41846
1413 1114 1092 70.0 4191 97764
1716 1415 1354 70.0 27302 99145
1493 1454 1336 70.0 18618 106116
1457 1455 1324 82.6 12821 133004
848 848 850 70.0 51450 27936
1661 1254 1219 70.0 3177 110661
1491 1373 1332 70.0 11010 113347
1475 1424 1319 70.0 12694 110466
1313 1369 1264 70.0 31071 86937
896 1132 1100 70.0 11299 91357
1303 1218 1186 70.0 13063 97656
1188 1203 1177 70.0 15039 94835
1195 1199 1150 70.0 16074 91308
1176 1188 1132 70.0 6227 99500
1070 1129 1088 70.0 12661 88877
913 1021 996 70.0 45549 47440
849 849 852 83.2 1866 92690
4822 2836 2513 83.2 32595 246141
900 900 973 64.7 149509 -65647
505 505 536 62.8 116014 -71127
413 413 612 64.7 31905 20883
848 631 770 64.7 2290 64129
276 276 323 62.8 35579 -8489
183 183 209 56.2 10472 5177
651 417 411 56.2 0 30792
3072 1744 1455 56.2 2450 106529
1267 1506 1258 56.2 14369 79894
1330 1418 1185 56.2 7628 81177
1371 1395 1314 56.2 49951 48479
1185 1290 1271 56.2 5039 90190
1053 1171 1154 56.2 15365 71090
1440 1305 1254 56.2 9426 84542
1317 1311 1252 56.2 6905 86895
930 1121 1081 56.2 12623 68389
1680 1401 1309 56.2 10412 87671
1381 1391 1316 56.2 15680 82936
1184 1287 1213 56.2 15155 75688
1441 1364 1290 56.2 8908 87725
1159 1261 1223 56.2 12983 78668
1286 1274 1220 56.2 24585 66825
1778 1526 1426 56.2 11002 95842
2525 2026 1829 56.2 11087 125928
1374 1700 1570 56.2 45989 71603
685 685 765 51.1 17031 35119
4382 2534 2274 51.1 5182 149886
1261 1897 1816 51.1 20567 103211
1351 1624 1496 51.1 15120 86878
1004 1314 1356 51.1 23689 68758
1469 1392 1430 56.2 19568 87557
1471 1431 1404 75.0 17541 122946
1061 1061 1077 73.7 19961 85765
689 689 770 63.3 20945 43991
574 631 716 74.4 3883 67165
1949 1290 1188 81.4 7069 121832
1302 1296 1159 81.4 22281 103392
1348 1322 1164 81.4 10899 115380
1403 1362 1259 81.4 17195 119389
999 999 1009 79.0 29910 76341
1098 1049 1040 79.0 13606 95912
1440 1244 1194 79.0 28247 97519
1470 1357 1256 79.0 14550 117683
867 867 869 74.9 41360 45389
538 538 622 68.6 24344 32518
7079 3808 3125 68.6 2987 282731
1079 2443 2123 68.6 158293 35786
802 802 960 63.8 81847 -200
980 891 1262 63.8 0 107268
1208 1049 1246 63.8 17895 88087
900 900 905 63.8 12740 64236
1220 1060 982 63.8 10844 72650
867 963 914 63.8 9147 68573
1144 1054 989 63.8 10783 73309
1270 1162 1069 63.8 12453 78446
1379 1270 1155 68.6 9359 96191
1180 1225 1133 68.6 19451 84136
1104 1165 1112 68.6 27564 74058
433 433 576 63.8 32653 16325
912 672 759 63.8 1487 63052
2186 1429 1253 63.8 22854 83722
1621 1525 1263 63.8 15121 92302
1375 1450 1259 63.8 17977 89037
926 1188 1153 68.4 72597 32447
1226 1207 1210 68.4 12966 97339
1185 1196 1178 68.4 16965 90369
1291 1244 1188 68.4 32243 75987
927 1085 1057 68.4 48649 47643
185 185 388 59.6 32615 -1831
193 193 400 48.8 5594 20453
1068 631 643 48.8 2525 39274
2708 1669 1328 48.8 5301 81046
1276 1472 1141 48.8 58724 15481
443 958 878 48.8 2325 54800
1075 1016 1049 48.8 5192 63061
643 830 901 48.8 8848 49765
421 421 540 45.9 13793 19265
480 450 538 49.6 3509 32061
1123 787 745 49.6 4107 45114
911 849 736 49.6 21784 26821
645 747 665 49.6 17376 26573
645 696 668 49.6 42397 26573
645 670 666 49.6 69610 26573
351 511 535 49.6 4481 30896
3129 1820 1516 49.6 3463 96681
1445 1632 1318 49.6 13643 73467
1545 1589 1379 49.6 21905 69241
420 420 602 45.9 30671 6151
1008 714 900 49.6 0 59474
1501 1108 1101 49.6 12778 59966
1178 1143 1006 49.6 7996 58504
1198 1171 1021 49.6 8454 58996
855 1013 962 49.6 5051 58521
869 941 940 49.6 4829 57260
1461 1201 1132 49.6 4937 69883
1872 1537 1359 49.6 9863 79934
1184 1360 1217 49.6 19892 60522
1091 1225 1166 49.6 8040 69031
1439 1332 1291 74.0 8526 118859
821 821 893 75.4 38427 51368
1157 989 1016 75.4 6447 95724
1493 1241 1171 75.4 10177 107603
1464 1352 1212 75.4 2833 119022
1356 1354 1215 75.4 15254 106943
1374 1364 1267 75.4 21309 106086
1845 1605 1476 75.4 21745 126612
1445 1525 1416 82.7 15064 141068
1819 1672 1547 95.7 11553 185808
1524 1524 1453 95.7 18829 166469
1566 1566 1504 95.7 35571 156233
1383 1383 1366 90.5 25917 138852
1059 1059 1120 77.4 25838 89803
1449 1254 1261 77.4 3452 126682
1466 1360 1297 90.5 22422 134186
1136 1136 1094 86.6 29155 97111
1090 1113 1091 86.6 13444 112558
792 792 857 77.0 28634 59374
1167 979 988 86.6 9993 104075
1352 1166 1087 86.6 17821 107703
1323 1245 1119 86.6 13508 115676
1278 1261 1143 86.6 34383 97566
1549 1405 1287 86.6 12678 135956
1391 1398 1299 86.6 16423 133546
1393 1395 1313 86.6 14881 136730
1502 1449 1370 86.6 20763 137375
1099 1099 1111 80.0 41374 77061
1486 1292 1269 80.0 10351 124977
1037 1165 1150 80.0 48038 74602
1365 1265 1208 80.0 7490 121338
1633 1449 1336 86.9 12175 142593
888 888 913 80.0 65262 32083
1240 1064 1075 80.0 4703 109897
1272 1168 1136 80.0 19386 101769
821 821 838 77.0 19765 66287
1116 968 949 77.0 22837 74557
1210 1089 1033 77.0 5326 100755
1205 1147 1056 77.0 12292 96105
1085 1116 1033 77.0 11820 94209
1324 1220 1137 77.0 34480 82291
952 1086 1045 77.0 11968 95322
803 803 843 76.5 16785 69168
643 643 729 75.9 16230 57558
1060 852 863 75.9 15322 72071
1377 1114 1008 75.9 18028 84042
1629 1371 1176 75.9 22835 96248
1543 1457 1264 75.9 15455 112488
531 531 618 75.9 54286 8242
975 753 861 75.9 0 87071
1638 1195 1149 75.9 15803 100462
1515 1355 1184 75.9 50763 69075
632 632 628 71.6 5023 54948
1677 1155 1115 71.6 10173 96333
598 598 679 65.1 32969 26016
757 677 719 65.1 2177 60292
4751 2714 2198 65.1 39575 151378
1278 1278 1077 57.7 48883 34009
1707 1492 1396 57.7 4716 102704
1547 1520 1454 57.7 14579 97306
1595 1557 1565 57.7 28122 92256
450 1003 1062 57.7 86775 -5103
598 598 794 56.1 0 59354
1369 983 1037 56.1 6496 71044
1329 1156 1080 56.1 12591 68137
1222 1189 1058 56.1 53144 25938
1222 1205 1085 56.1 77579 25938
580 580 678 53.6 41685 6777
2231 1405 1300 53.6 0 92929
1156 1281 1153 53.6 16277 66175
962 1121 1059 53.6 19263 56427
976 1049 1016 53.6 10066 62603
1453 1251 1205 53.6 9148 76980
1326 1288 1200 53.6 11664 74150
1094 1191 1128 53.6 10671 70002
676 934 958 53.6 15549 52974
905 919 961 53.6 7030 61708
1309 1114 1075 53.6 20918 55932
1306 1210 1111 56.1 11628 71455
920 1065 1001 56.1 17736 57102
1045 1055 1019 56.1 11905 64297
1084 1070 1041 56.1 33158 44672
492 492 618 56.1 22637 23569
1884 1188 1113 56.1 2125 81096
1159 1173 1048 58.0 26372 54651
1397 1285 1140 58.0 9588 78526
928 1107 1024 58.0 11052 68075
1256 1182 1142 63.3 8873 87624
1474 1328 1241 63.3 24304 80515
693 693 784 56.3 8029 50811
1571 1132 1107 56.3 27978 55112
752 942 934 56.3 50810 19314
3240 2091 1745 80.1 2019 184237
1301 1301 1164 72.7 48226 64636
1272 1287 1247 72.7 17359 103534
1277 1282 1284 72.7 11471 112985
1236 1259 1279 72.7 10295 113714
1497 1378 1301 81.9 10469 131592
1575 1476 1368 81.9 22323 127145
917 917 979 73.8 34904 61450
1167 1042 1080 73.8 4484 101792
1589 1316 1252 73.8 17784 105468
1540 1428 1297 73.8 18773 108906
1470 1449 1301 73.8 28597 99456
1292 1370 1290 73.8 24572 102427
1364 1367 1322 73.8 15329 114746
1635 1501 1422 73.8 21120 118824
1483 1492 1411 73.8 29626 109210
1384 1438 1376 73.8 28200 107200
990 990 1069 71.4 6198 95673
1444 1217 1233 71.4 14554 102899
1308 1263 1229 71.4 15449 101586
1478 1371 1274 74.3 8429 117822
1300 1335 1240 74.3 11854 111000
877 877 946 71.8 29315 61235
2218 1547 1427 71.8 6527 130142
1670 1609 1448 71.8 18805 119875
1312 1461 1347 71.8 15453 113488
1232 1346 1297 71.8 66124 58086
1308 1327 1332 74.3 17472 114498
1385 1356 1335 74.3 21342 110892
1503 1430 1363 74.3 21228 113778
1111 1111 1129 74.3 13080 98775
874 874 966 76.9 34257 64804
1839 1357 1291 76.9 9658 122745
1209 1283 1200 76.9 12641 110383
1257 1270 1178 76.9 23355 97421
1283 1277 1205 76.9 16769 106754
894 894 965 73.9 18738 76455
1605 1249 1207 77.1 7713 116376
1188 1219 1159 77.1 20756 98408
1207 1213 1145 77.1 26004 91747
1118 1165 1112 77.1 23782 90543
1082 1124 1108 77.1 52684 61267
1144 1144 1115 77.1 15662 99027
986 1065 1052 77.1 87953 20203
986 1025 1017 77.1 103979 20203
7249 4137 3200 77.1 2207 326890
1217 2677 2196 77.1 188826 36945
1135 1135 1351 77.1 80949 57962
1263 1263 1612 77.1 6513 159275
2054 1659 1878 77.1 39984 153126
1783 1721 1640 77.1 141673 26916
449 449 671 73.8 36959 29041
1619 1034 1155 77.1 5431 113377
1686 1360 1280 77.1 24167 107486
1390 1375 1209 77.1 9680 114647
1606 1491 1294 77.1 98885 34184
0 745 857 72.5 89787 -6932
372 372 647 57.0 0 49207
1400 886 949 57.0 28815 43329
2085 1486 1248 57.0 6237 88628
1298 1392 1122 57.0 25049 60238
1195 1293 1142 57.0 14140 72674
1520 1407 1321 57.0 45692 54716
1343 1375 1325 57.0 59314 41363
1343 1359 1308 57.0 99607 41363
1343 1351 1304 57.0 141544 41363
1343 1347 1305 57.0 181234 41363
0 674 832 51.7 116034 -58738
771 771 910 51.7 35737 26990
444 444 611 51.3 10507 31342
957 701 732 51.3 5497 44620
1498 1099 930 51.3 7689 55940
1499 1299 1060 51.3 6743 65783
1813 1556 1277 51.3 21319 66047
1739 1647 1420 51.3 16721 80441
964 1306 1257 51.3 16501 69522
1031 1168 1219 51.3 32529 50934
282 282 596 48.3 22477 15886
260 260 555 43.6 6416 25864
308 308 461 43.6 25445 1360
77 77 192 41.8 12615 -1903
86 86 137 43.6 0 7975
835 461 381 43.6 0 22160
343 402 314 43.6 8901 9341
377 389 326 43.6 0 18937
1184 787 638 43.6 4105 33034
569 678 576 43.6 6941 26552
157 157 245 42.0 10187 3519
230 193 309 42.0 0 17305
0 97 208 30.9 15959 -7401
121 121 170 30.9 0 6999
271 196 176 30.9 0 7265
836 516 396 30.9 0 16304
101 309 246 30.9 9223 896
57 57 114 26.9 0 4081
175 116 178 26.9 0 6367
303 209 221 26.9 0 7930
236 223 193 26.9 0 6935
236 229 194 26.9 6888 55
1113 671 520 26.9 0 18644
513 592 464 26.9 8323 8327
892 742 617 26.9 9009 13126
892 817 704 26.9 21112 13126
193 505 523 26.9 12191 6561
0 252 367 26.9 10972 2198
0 126 271 26.9 13181 -3461
0 63 179 23.3 0 5551
0 32 97 23.3 0 2997
924 478 375 23.3 0 11639
2052 1265 905 23.3 3889 24212
1716 1491 1087 26.9 14287 24686
295 893 771 26.9 8900 18738
253 573 690 26.9 19962 4785
253 413 609 26.9 24284 4785
1168 790 813 26.9 0 29155
1894 1342 1104 26.9 24431 15163
1894 1618 1282 26.9 38704 15163
1544 1581 1323 30.5 1328 52474
1061 1321 1247 30.5 6745 43971
1705 1513 1461 33.3 4623 60184
1814 1664 1560 33.3 5543 63621
2190 1927 1736 33.3 7057 69908
1531 1729 1597 33.3 16029 54793
1057 1393 1415 33.3 8186 54581
1419 1406 1454 46.9 30874 60014
747 1077 1187 46.9 64725 9468
2482 1780 1655 46.9 0 103461
2758 2269 1932 46.9 92163 28589
1302 1785 1604 46.9 74133 26127
1302 1544 1528 46.9 100795 26127
1302 1423 1510 46.9 127978 26127
1302 1363 1445 46.9 152697 26127
1302 1332 1348 46.9 179132 26127
1302 1317 1300 46.9 205851 26127
741 741 866 54.8 176283 -113042
553 647 806 59.6 66238 -2183
1891 1269 1200 72.6 0 116232
1132 1201 1066 74.3 19296 86376
1323 1262 1113 74.3 12053 98283
1135 1198 1109 74.3 11214 98687
1433 1316 1249 74.3 15634 108183
640 640 752 72.6 45315 27536
1461 1050 1079 72.6 4797 99681
2184 1617 1416 74.6 42967 97935
1057 1337 1182 74.6 13305 104313
1620 1478 1328 74.6 19436 112681
1500 1489 1392 74.6 62392 76141
1492 1491 1431 74.6 12153 130210
1222 1222 1227 74.6 25321 96786
1293 1258 1275 74.6 22832 103991
1370 1314 1289 74.6 14591 113666
1225 1269 1234 74.6 46720 76057
688 688 802 72.3 10290 67042
2086 1387 1327 72.3 13744 114223
1391 1389 1251 72.3 42597 78058
1135 1262 1170 72.9 13731 100003
1201 1231 1168 72.9 9802 103721
2125 1678 1538 72.9 12395 137110
1631 1655 1492 72.9 29664 115415
1173 1173 1177 72.9 19847 94567
1457 1315 1332 72.9 14219 115324
800 800 945 59.7 40590 34620
1631 1215 1225 59.7 4929 92593
1387 1301 1197 59.7 16963 78330
1143 1222 1142 73.2 8660 102798
1375 1299 1203 76.7 31252 91791
1034 1166 1141 76.7 33475 83325
1368 1267 1225 76.7 14998 110348
1670 1469 1354 76.7 25345 113228
1300 1384 1292 76.7 18389 113801
1432 1408 1329 76.7 31969 104052
793 793 907 76.7 19877 72928
1346 1070 1135 76.7 10491 105618
1814 1442 1329 76.7 16902 119042
1540 1491 1324 76.7 18947 116549
1826 1658 1452 76.7 42995 105542
1782 1720 1556 76.7 14892 144303
1708 1714 1604 76.7 20307 143781
1447 1447 1438 76.7 13373 133770
1391 1419 1446 76.7 20426 127496
954 954 1091 65.4 27612 67534
1184 1069 1158 65.4 5159 95889
1638 1353 1289 77.3 10225 122672
1112 1112 1073 77.3 24281 86364
1453 1283 1200 77.3 18771 104967
1611 1447 1325 77.3 14466 122223
1056 1056 1060 77.3 17047 92275
1496 1276 1240 77.3 11924 115926
1291 1284 1230 77.3 21381 105481
1084 1184 1160 78.3 18005 103074
839 839 901 71.7 20205 66022
1373 1106 1113 78.9 9290 107829
1784 1445 1306 78.9 32175 105251
1271 1358 1219 78.9 12137 116224
1028 1193 1132 78.9 28450 90665
946 946 1005 78.9 21732 84031
1288 1117 1141 78.9 14012 106073
1242 1180 1133 78.9 17028 102279
1259 1219 1140 78.9 10999 108965
1148 1184 1113 78.9 16089 101058
1321 1252 1188 78.9 12614 112449
1285 1268 1204 83.2 13114 120357
1257 1263 1206 83.2 32499 101263
1895 1579 1438 83.2 30401 129065
853 853 916 78.9 32800 63596
1674 1264 1262 78.9 6305 126498
1446 1355 1273 78.9 89302 44690
1105 1230 1183 78.9 6586 117983
1159 1194 1144 78.9 25277 95087
949 949 1002 78.9 13899 91572
1589 1269 1230 82.7 15692 119966
2135 1702 1492 82.7 17037 147513
1703 1702 1487 82.7 28522 135432
1447 1575 1446 82.7 54177 105223
1763 1669 1586 82.7 45102 129746
1316 1316 1357 82.6 36980 112500
973 973 1119 81.9 22842 99315
1071 1022 1125 81.9 26882 96004
1082 1052 1088 81.9 21830 96963
1143 1098 1062 81.9 23952 92013
854 976 950 83.0 48772 56376
336 336 506 81.8 55387 -165
1195 765 827 81.8 0 90280
449 607 632 73.2 61658 25
428 428 482 71.3 0 45865
553 491 497 71.3 6664 40610
513 502 510 71.3 6167 42319
2149 1325 1074 71.3 5062 97136
915 1120 895 71.3 19271 65881
1590 1355 1157 71.3 9324 100735
1313 1334 1191 71.3 11017 102279
1322 1328 1266 71.3 42142 78306
38 683 805 66.9 114002 -42192
12 12 356 58.8 112560 -84679
3 3 302 52.1 112142 -91186
12 12 185 32.2 110700 -102768
12 12 68 6.0 109258 -108713
9 9 9 6.0 108039 -107969
12 12 11 6.0 105155 -105070
14 14 13 6.0 103299 -103196
862 862 625 6.0 0 5000
11403 6132 4598 6.0 0 36807
2064 4098 2854 6.0 8938 13909
6602 5350 4459 6.0 2725 32969
11583 8466 7310 6.0 9525 48992
2193 5330 5331 6.0 9244 33429
3869 4599 5182 6.0 6131 35350
7969 6284 5719 6.0 16756 29028
19024 12654 10923 6.0 9902 77536
1781 7217 6532 6.0 29173 23118
3035 5126 6799 6.0 4314 50113
3035 4081 5970 6.0 50827 50113
3035 3558 4042 6.0 102173 50113
3035 3296 3389 6.0 151579 50113
0 1648 1959 6.0 139159 -123477
574 574 1118 6.0 83234 -74285
2087 1330 1471 6.0 0 11774
7167 4249 3309 6.0 974 25518
9742 6996 5411 6.0 2159 41158
4038 5517 4537 6.0 5771 30551
5582 5549 5449 6.0 3738 39879
1858 3704 4005 6.0 11790 20270
643 2173 2708 6.0 2248 19431
13385 7779 7041 12.8 2409 118192
1319 4549 3848 27.7 19814 122346
1318 2934 3495 46.7 9306 208302
1097 1097 2114 46.9 99436 32794
736 736 1582 47.3 24425 75224
1475 1105 1348 47.3 12384 72541
1406 1255 1183 47.3 22860 51673
1891 1573 1355 47.3 10307 75058
1275 1424 1260 47.3 34413 44978
921 1172 1145 47.3 8826 63309
1248 1210 1199 47.3 26363 49174
1269 1240 1191 47.3 14190 60846
983 1112 1072 47.3 38958 28571
276 276 448 34.5 18812 1759
375 326 514 34.5 0 23599
2424 1375 1187 34.5 2134 52411
2604 1989 1531 34.5 37810 32494
0 995 846 34.5 69820 -30966
13 13 324 31.2 68067 -54606
12 12 353 28.9 66567 -52960
367 367 447 28.9 0 17239
2933 1650 1269 28.9 4326 44618
1216 1433 1026 30.8 5584 36586
8078 4755 3732 30.8 4896 148442
1127 2941 2317 30.8 45863 49328
1285 2113 2166 30.8 9566 79431
1329 1721 1976 30.8 26093 55103
1442 1581 1810 30.8 12543 61821
1702 1642 1659 30.8 5756 62418
1481 1562 1509 30.8 9499 52510
803 1182 1204 30.8 6248 43219
579 881 983 30.8 3206 37177
1021 951 1004 30.8 16665 24595
1363 1157 1090 33.9 2955 46286
1744 1450 1266 61.1 5344 97697
1876 1663 1426 61.1 19717 96361
1346 1505 1349 61.1 27391 82459
1529 1517 1421 61.1 9476 106188
1446 1481 1409 61.1 30765 83970
1706 1594 1494 61.1 42281 79333
1380 1487 1399 61.1 9628 104269
1331 1409 1354 61.1 16232 94012
1266 1337 1300 61.1 17122 88720
2205 1771 1617 71.9 9614 145465
1334 1553 1417 72.3 18194 118465
1328 1440 1377 72.3 17387 115385
1175 1308 1291 72.3 26263 98260
848 848 944 72.4 17143 74009
499 499 667 72.4 19054 45330
478 478 601 73.0 10337 48196
289 289 380 71.1 14683 21373
171 171 247 64.4 6377 14839
311 241 266 64.4 1295 21563
680 461 399 64.4 2492 31811
1418 939 738 64.4 3600 59776
1415 1177 92