0 0 0 0.0 16809 0
0 0 0 0.0 16743 -16743
141 71 71 0.0 0 0
76 73 73 10.4 0 1016
89 81 81 20.8 0 2242
91 86 86 31.2 0 3580
148 117 117 41.6 0 6490
42 80 80 34.0 3285 329
32 32 32 24.3 0 1049
47 40 40 28.4 0 1502
73 56 56 32.5 0 2436
54 55 55 36.5 0 2678
123 89 89 40.6 0 4808
22 22 22 26.0 974 -225
32 27 27 27.6 0 987
275 151 115 29.2 0 4481
83 117 53 30.8 0 2190
97 107 149 32.5 0 6430
64 85 70 34.1 996 2176
10 10 46 21.4 2199 -894
0 5 33 14.0 2199 -1581
47 26 27 14.3 0 521
63 44 62 14.7 0 1216
69 57 49 15.7 0 1018
219 138 124 16.6 0 2739
74 106 69 17.6 0 1608
164 135 140 18.6 0 3456
46 90 57 19.5 0 1493
30 60 77 20.5 0 2101
54 57 48 21.4 0 1373
50 54 63 22.4 0 1892
245 149 150 23.4 0 4683
0 75 70 39.0 4634 -1023
28 28 45 39.0 0 2335
54 41 19 39.0 757 212
0 21 47 39.0 757 1709
0 10 27 24.1 757 124
0 5 4 21.5 757 -638
0 3 9 21.5 0 265
0 1 5 18.5 2211 -2098
27 14 13 18.5 0 323
151 83 67 18.5 0 1642
41 62 45 18.5 898 221
20 41 38 18.5 0 938
639 340 259 18.5 0 6365
331 336 250 18.5 1274 4891
2446 1391 1737 18.5 0 42767
789 1090 3198 18.5 11101 67628
444 444 0 14.6 24399 -24399
293 368 0 14.6 0 0
129 249 1124 14.6 0 21909
54 54 78 14.0 17118 -15662
152 103 90 18.4 2981 -781
90 96 67 18.4 0 1647
117 107 107 18.4 0 2635
199 153 115 18.4 0 2818
288 220 175 18.4 0 4295
830 525 442 18.4 0 10832
640 583 458 18.4 1074 10167
851 717 623 18.4 1228 14056
2678 1697 1707 18.4 1266 40593
483 1090 947 18.4 10283 12937
237 664 791 18.4 4860 14541
185 424 100 18.4 3123 -678
140 282 259 18.4 0 6356
526 404 414 18.4 0 10143
3908 2156 2309 18.4 1142 55497
246 246 607 14.0 30128 -18784
199 199 561 14.0 6699 3787
234 217 0 14.0 0 0
131 174 672 14.0 0 12543
148 161 145 14.0 2059 646
1571 866 502 23.0 0 15370
241 554 398 23.0 4359 7809
252 403 351 23.0 0 10741
324 363 273 23.0 1208 7154
330 347 362 23.0 0 11075
368 357 319 23.0 1294 8483
326 342 290 23.0 0 8864
2181 1261 784 23.0 0 23978
233 747 581 23.0 11056 6716
286 516 502 31.9 0 21336
783 649 492 38.0 6543 18398
249 449 530 38.0 5519 21338
183 183 294 34.4 7280 6190
210 196 222 34.4 0 10169
168 182 207 34.4 0 9465
369 275 238 34.4 0 10886
575 425 287 34.4 0 13163
147 286 236 34.4 2588 8238
103 195 190 34.4 0 8698
273 234 198 34.4 0 9088
336 285 243 34.4 0 11137
484 384 288 34.4 1083 12104
256 320 252 34.4 2101 9455
291 306 256 34.4 0 11730
1502 904 580 34.4 1377 25182
239 572 457 34.4 8634 12288
280 426 418 38.2 980 20309
704 565 427 64.0 4406 32058
249 249 341 66.0 11443 18560
194 194 261 66.0 8584 14358
434 314 254 66.0 1120 21223
54 54 146 58.1 12736 -1467
145 99 126 58.1 0 9788
496 298 187 58.1 0 14495
302 300 237 58.1 2583 15762
185 243 195 58.1 2464 12658
612 427 291 58.1 1197 21300
372 400 308 58.1 4234 19609
286 343 305 58.1 7695 15925
281 312 264 58.1 2356 18116
642 477 372 58.1 3316 25496
424 451 364 58.1 6893 21265
336 393 349 66.0 2512 28137
440 417 343 67.2 6779 23984
361 389 345 67.2 5781 25171
322 355 327 67.2 3293 26048
221 221 238 66.6 5949 15195
309 265 253 66.6 1443 21014
1364 815 538 66.6 2920 44891
319 567 444 66.6 17145 22236
554 560 488 66.6 5371 37951
317 439 369 66.6 17180 15554
926 683 584 66.6 1393 50459
254 254 312 58.1 20265 3925
218 218 295 58.1 0 22863
919 568 402 58.1 4351 26779
250 250 290 58.1 5606 16815
923 586 447 58.1 4437 30147
516 551 390 61.6 6102 25912
322 437 439 67.0 4982 34210
311 311 301 67.0 6378 20489
630 471 407 68.1 3508 33488
213 342 329 69.5 16397 14146
341 341 331 69.5 2318 28409
890 616 439 69.5 11338 29336
511 563 459 69.5 5332 37236
293 293 334 67.1 10681 19221
288 290 296 67.1 3395 23142
435 363 331 67.1 5938 23688
271 317 311 67.1 8557 19266
459 388 322 67.1 7232 21555
197 197 214 63.6 3738 14424
413 305 280 63.6 1115 22641
424 364 282 63.6 2871 21048
469 417 347 63.6 19792 9614
469 443 346 63.6 29778 9614
189 189 233 62.0 19149 87
189 189 225 62.0 19149 87
189 189 191 62.0 19149 87
189 189 201 62.0 19149 87
0 94 115 60.5 0 9293
788 441 294 60.5 0 23698
788 615 401 60.5 23857 23698
788 701 522 62.0 46365 23698
788 745 562 62.0 70077 23698
272 272 353 60.5 15389 13080
188 188 299 54.4 1248 20432
167 178 226 54.4 11987 4414
161 169 231 54.4 15614 1138
0 85 116 52.7 0 8144
213 149 134 52.7 0 9387
4018 2084 1222 52.7 0 85897
275 275 419 48.2 55228 -28259
290 290 542 48.2 26279 8589
290 290 223 48.2 34971 8589
290 290 519 48.2 43672 8589
290 290 247 48.2 51521 8589
290 290 249 48.2 60125 8589
290 290 249 48.2 68958 8589
290 290 249 48.2 77969 8589
309 309 258 48.2 52470 -35886
309 309 260 48.2 52470 -35886
309 309 263 48.2 52470 -35886
309 309 264 48.2 52470 -35886
309 309 266 48.2 0 -35886
309 309 266 48.2 2321 -35886
0 154 195 48.2 0 12544
0 77 142 46.2 11315 12544
536 307 217 46.2 3489 9844
536 422 282 46.2 13483 9844
341 381 288 47.5 1629 16620
1493 937 558 47.5 5349 29973
1493 1215 798 47.5 32042 29973
272 272 456 39.3 9814 14087
287 287 413 39.3 10423 11221
410 349 370 39.3 2797 16578
1118 734 589 39.3 5082 25749
931 832 560 39.3 7342 21987
755 793 612 39.3 8199 23873
286 540 516 52.1 18000 17783
1974 1257 901 52.1 8440 54090
179 179 438 39.0 40783 -17966
176 176 400 40.0 15946 5400
237 237 259 40.0 0 13801
438 337 367 40.0 1245 18348
1332 834 487 40.0 2182 23798
371 603 446 40.0 6633 17154
454 528 464 40.0 4444 20312
1057 792 579 40.0 3127 27755
595 694 619 40.0 11178 21852
271 482 509 40.0 21328 5811
228 355 406 40.0 0 21655
622 488 463 40.0 2354 22325
790 639 514 40.0 3760 23639
330 485 440 40.0 1765 21734
570 528 452 40.0 13174 10917
170 349 372 40.0 1248 18598
852 600 498 57.2 6750 31214
786 693 524 57.2 4396 35567
736 715 582 57.2 5724 38657
539 627 536 57.2 11653 29242
539 583 549 57.2 41718 29242
243 243 380 43.8 15555 6661
1991 1117 756 57.6 0 58117
541 829 657 57.6 13597 36909
338 583 614 57.6 11590 35588
663 623 542 57.6 12588 29090
516 569 611 57.6 9787 37157
714 642 593 57.6 15388 30225
298 298 394 49.6 11000 15103
373 336 389 49.6 1185 24562
584 460 398 58.2 19983 10925
1013 737 547 68.8 1224 48920
446 591 475 76.5 21555 26885
536 564 496 76.5 7333 43252
327 327 390 69.5 11445 24636
201 201 337 64.5 9279 19710
297 249 291 64.5 6137 18885
578 413 345 64.5 5440 24235
2302 1358 784 64.5 7040 60410
255 255 358 51.5 37188 -12596
194 194 353 51.5 10756 13456
237 216 278 51.5 1297 17776
299 257 405 51.5 6690 21101
164 211 200 51.5 13232 485
166 188 181 51.5 0 12438
178 183 176 51.5 2238 9855
384 284 224 51.5 0 15353
244 264 216 51.5 3508 11302
157 210 198 51.5 7152 6440
248 229 202 51.5 0 13905
267 248 222 51.5 3837 11377
641 445 311 52.0 1239 20327
1030 737 463 52.0 3126 28961
633 685 499 52.0 6776 27820
365 525 467 52.0 6593 25824
339 432 445 52.0 4170 26711
374 403 447 52.0 5397 25585
329 366 399 52.0 12562 15097
523 444 399 53.9 2040 26619
2806 1625 951 53.9 5361 62965
811 1218 882 53.9 26435 36968
570 894 830 53.9 13451 46195
962 928 831 53.9 38941 20776
1015 972 996 53.9 5306 66308
788 880 875 53.9 25481 37436
525 525 643 59.4 20358 30589
427 476 579 59.4 10092 35798
614 545 565 59.4 17774 26992
547 546 535 59.4 2198 40203
592 569 499 61.0 12887 27740
592 580 503 72.8 14914 33921
1247 914 684 81.2 4282 69791
1988 1451 997 81.2 64503 43403
503 503 611 81.2 41600 24544
545 545 636 81.2 3490 65405
689 617 627 81.2 7066 60834
745 681 709 81.2 5877 70841
521 521 499 74.0 17166 32050
454 487 487 74.0 4492 43558
604 546 506 74.0 8681 41250
565 555 513 74.0 6975 43612
785 670 553 74.0 7341 47209
523 597 526 74.0 5173 46762
686 641 567 74.0 20072 35856
279 279 389 72.2 24351 13109
338 308 391 72.2 4239 33357
432 370 368 72.2 4352 31060
1131 750 553 72.2 5253 47925
419 419 377 72.2 6543 29703
974 696 540 72.2 3060 48934
286 286 356 59.3 17630 10538
418 352 420 59.3 0 33197
6649 3501 1858 59.3 4549 142367
523 523 835 52.6 81314 -22717
520 520 1026 52.6 16793 55175
446 446 577 50.4 9106 29611
960 703 1174 50.4 5227 73649
556 556 491 49.0 16910 15170
384 470 473 49.0 1057 29844
559 515 468 49.0 7035 23588
295 405 448 49.0 3209 26093
591 498 446 49.0 2477 26680
2086 1292 735 49.0 3020 45065
547 920 697 49.0 6136 39418
607 763 706 49.0 4433 41709
596 680 684 49.0 6384 38344
532 606 723 49.0 6265 41025
736 671 650 49.0 7821 34696
554 612 590 49.0 5162 33423
562 587 563 49.0 11092 25733
805 696 588 49.0 3569 34848
286 286 442 48.5 12337 16269
336 311 409 48.5 3278 23198
442 376 380 48.5 3234 21376
242 309 349 48.5 4519 18061
551 430 332 48.5 4513 16936
251 341 310 48.5 3002 17066
315 328 319 48.5 3383 17245
191 259 276 48.5 3238 14631
210 235 270 48.5 2831 14622
210 222 236 48.5 16090 14622
360 291 250 48.5 1039 15101
730 511 327 48.5 1994 19149
891 701 432 60.9 4927 30111
522 611 456 68.1 5146 36264
341 476 451 80.2 10894 37340
330 330 418 72.9 9532 31077
365 348 412 80.5 5547 38703
361 355 369 80.5 10494 29093
372 364 341 80.5 6055 30539
335 349 314 80.5 5300 28427
387 368 325 80.5 7293 27584
452 410 344 80.5 3090 33773
603 507 389 80.5 4284 37507
376 441 380 80.5 13594 27213
563 502 418 80.5 11894 32975
306 306 353 73.2 13493 20989
398 352 369 73.2 4840 31167
370 361 342 73.2 7377 26064
395 378 351 73.2 4238 30053
491 434 347 73.2 6501 27419
258 258 296 74.3 8077 21184
1029 644 438 80.6 3160 43922
431 537 422 80.6 13576 31798
339 339 384 79.6 14351 26448
500 419 379 79.6 4530 35732
348 384 402 79.6 7425 35202
501 442 398 79.6 7950 34333
271 271 306 74.3 9645 20605
488 380 348 74.3 2727 31731
354 367 329 74.3 11617 20923
261 261 298 74.3 5039 24454
1114 688 431 74.3 5571 37091
881 784 521 74.3 12087 39455
327 327 404 73.2 9013 30450
439 383 407 73.2 8281 31447
1001 692 546 74.3 12540 41536
604 648 550 74.3 10016 44423
457 553 483 74.3 15002 32774
432 492 477 74.3 17069 30193
826 659 571 74.3 3975 52524
939 799 620 74.3 54101 7297
828 813 647 74.3 0 64031
296 555 571 74.3 38247 18309
651 603 605 74.3 3352 56539
486 486 549 74.3 9506 44804
729 607 572 79.0 3351 56871
538 573 513 79.0 8883 45210
699 636 552 79.0 12505 45625
645 640 546 79.0 12010 45529
562 601 559 79.0 8446 50417
533 567 541 80.1 9460 48339
562 564 542 80.1 9640 48209
483 483 501 80.1 7111 46403
414 414 454 80.3 6917 41742
218 218 350 78.4 22321 14249
538 378 374 78.4 1103 37962
1169 774 499 78.4 5645 46536
594 684 503 80.3 13747 40082
575 629 513 80.3 4256 50637
562 596 542 80.3 9432 48581
444 520 559 82.4 11676 49778
408 408 481 79.7 7392 43668
657 533 495 79.7 8904 43641
443 488 461 82.4 16647 34021
892 690 534 82.4 7122 51546
611 651 526 82.4 8519 49226
751 701 590 82.4 10133 54724
507 507 522 82.4 11402 45927
561 534 550 82.4 8827 51619
485 485 501 82.4 7775 47309
577 531 510 82.4 6745 49342
549 540 481 82.4 7140 45706
630 585 508 82.4 8367 47405
462 462 460 82.4 5458 45114
401 401 437 85.6 7900 42039
700 550 478 85.6 5439 49086
507 528 473 85.6 7752 46265
525 527 467 85.6 5899 47360
529 528 466 85.6 12098 41109
836 682 552 85.6 4873 58138
583 632 546 85.6 16552 45742
749 691 587 85.6 8639 58411
550 550 543 85.6 8057 53968
820 685 613 87.0 15555 55602
669 677 601 88.1 7738 62789
676 676 618 88.1 10138 62432
721 699 614 88.1 11007 61062
728 714 645 88.1 11169 64581
581 581 595 88.1 24119 45759
647 614 598 88.1 14319 55887
802 708 625 88.1 8184 65170
403 403 508 88.1 32890 26751
510 510 511 88.1 7492 52548
820 665 553 88.1 15759 49182
450 450 489 87.0 16065 40702
741 595 505 87.0 13971 44627
639 617 529 87.0 32187 29173
831 724 605 88.1 9732 61343
558 641 563 88.1 31627 34512
753 697 620 89.7 13686 60551
636 667 615 89.7 8900 64693
620 643 622 89.7 12643 61787
572 572 577 89.7 10548 58460
582 577 574 89.7 10059 58626
649 613 571 91.8 11955 57939
677 645 579 91.8 25175 45655
319 319 444 89.2 17005 35772
352 352 429 81.1 10555 35840
339 339 386 79.2 7834 32923
1002 670 500 79.2 6806 46020
669 670 483 79.2 4954 45996
569 619 518 79.2 8802 45875
539 579 523 79.2 3936 51319
544 561 561 79.2 6945 52306
608 585 558 79.2 14064 44844
462 462 496 79.2 11218 41116
483 472 481 79.2 11288 39508
580 526 484 79.2 7093 44053
692 609 519 79.2 7517 47287
385 385 425 78.5 13670 30835
1002 693 544 78.5 5548 51404
476 584 518 79.2 14031 40646
270 270 420 78.5 19822 24122
289 289 364 73.5 7979 27723
760 525 456 73.5 6473 38291
414 469 416 73.5 8272 32541
306 387 361 73.5 7106 28335
445 416 380 73.5 3038 34230
262 262 343 68.8 7450 24057
507 384 363 68.8 4355 28989
1208 796 508 68.8 5402 41259
707 752 547 68.8 19902 30262
707 729 582 68.8 48402 30262
693 711 623 68.8 56472 745
287 499 598 68.8 0 54868
387 443 538 68.8 21886 27518
348 348 454 68.8 5047 36662
442 395 433 68.8 7776 31948
579 487 420 68.8 6391 32179
350 419 392 68.8 3559 32392
474 446 398 68.8 8970 27522
345 396 385 68.8 8548 26820
487 442 413 68.8 3791 34085
510 476 415 68.8 7477 30595
270 373 384 68.8 13545 21672
256 256 325 68.6 3202 26514
1587 921 579 68.6 6008 46974
476 699 541 68.6 8981 40484
451 575 541 68.6 7313 42172
396 396 458 68.6 11395 30481
364 380 507 68.6 14034 32355
256 256 377 66.6 13290 20142
556 406 385 68.6 8202 27042
666 536 405 68.6 2229 34813
422 479 405 68.6 6008 31062
288 384 371 68.6 11353 22620
380 382 388 68.6 4754 30789
340 361 382 68.6 3563 31427
310 335 351 72.5 5539 28424
1256 795 518 72.5 4833 45299
224 224 328 66.6 23961 5185
229 229 332 66.6 0 29441
464 346 328 66.6 7583 21567
596 471 422 66.6 3248 34226
401 436 341 66.6 6888 23410
550 493 392 66.6 4870 29883
193 193 301 65.1 9875 16275
383 288 334 65.1 4044 24969
852 570 413 65.1 6857 29030
563 566 440 65.1 3551 34679
689 628 465 65.1 3677 36684
473 550 481 65.1 5694 36091
331 331 441 65.1 3871 34397
929 630 533 65.1 5842 40426
584 607 526 65.1 5689 40022
288 288 406 54.3 13187 16155
188 188 315 50.4 1153 19978
559 374 381 50.4 3396 22208
230 302 323 50.4 3820 17891
228 265 265 50.4 3950 13840
311 288 259 50.4 1445 15933
267 277 277 54.2 4327 15652
281 279 264 54.2 2192 16880
493 386 302 54.2 4364 17471
236 311 286 54.2 5279 15391
334 323 298 54.2 1201 20303
472 397 328 54.2 2323 21353
728 563 418 54.2 3011 27149
524 544 427 54.2 4174 26678
655 599 483 54.2 5721 29145
452 526 483 67.5 5233 38238
693 609 546 67.5 7767 41307
375 375 448 67.4 8592 31695
282 282 400 62.1 4880 28228
267 267 342 62.1 7457 20859
310 288 328 62.1 3380 23809
1203 746 469 66.3 6865 34636
285 285 314 62.7 12107 14132
430 357 363 62.7 1333 29039
1156 756 509 62.7 23950 18548
251 251 395 60.0 7265 24333
184 218 316 55.1 17095 6139
243 230 284 55.1 0 20840
187 208 297 55.1 6737 15053
868 538 341 55.1 2497 22563
498 518 360 60.1 2999 25830
304 411 367 62.7 10893 19744
256 256 312 62.7 3425 22649
258 257 336 62.7 13747 14310
509 383 351 62.7 2317 26999
250 316 305 62.7 9365 16103
351 334 298 62.7 4333 20529
215 274 275 62.7 5683 17301
456 365 326 62.7 2392 24813
272 318 296 62.7 7329 17420
311 315 302 62.7 3875 21376
230 272 274 62.7 4969 17940
259 266 278 62.7 2842 20428
343 304 279 62.7 5111 18165
221 263 260 62.7 6678 15069
360 312 274 62.7 2708 20191
1023 667 421 62.7 4481 30722
238 453 381 62.7 12179 19697
320 387 385 66.1 3524 30374
294 340 363 68.9 12167 21206
198 198 334 60.1 4738 22022
781 489 389 60.1 2942 28184
212 351 324 68.4 11197 18313
393 372 344 68.4 2017 29325
559 465 361 68.4 4843 28087
339 402 389 72.4 3264 34332
451 426 384 73.3 11749 25853
353 390 374 81.5 8332 32265
312 351 369 87.9 9240 33985
416 383 363 87.9 11915 30631
537 460 393 87.9 6938 39152
306 383 365 87.9 19730 23061
501 442 389 90.0 5776 40925
268 268 324 90.0 18869 19962
195 195 292 86.5 16429 17260
259 259 274 86.5 2493 29117
239 239 257 85.4 7288 22005
335 287 248 85.4 4744 23484
421 354 270 85.4 2382 28315
224 289 267 85.4 6978 23441
412 350 297 85.4 6270 27516
373 362 312 85.4 3663 31835
319 341 321 85.4 7297 29211
385 363 323 85.4 3263 33490
261 261 292 79.7 9614 21390
889 575 414 79.7 4949 39064
155 365 343 79.7 30559 5873
171 171 286 68.0 16659 9296
77 77 201 59.7 14875 1135
103 103 210 54.2 5157 10042
100 100 143 51.3 2418 7379
146 123 114 51.3 0 7827
124 124 102 51.3 0 6970
392 258 166 51.3 0 11327
92 92 112 51.3 1755 5939
674 383 240 51.3 0 16436
520 451 284 51.3 3155 16308
378 415 333 51.3 3633 19148
364 389 324 51.3 5385 16754
362 375 367 51.3 3155 21927
843 609 467 51.3 3245 28740
364 487 431 51.3 11433 18042
447 467 441 51.3 3798 26366
194 330 379 51.3 10769 15182
303 317 387 51.3 3614 22888
4491 2404 1203 51.3 3447 78851
451 451 622 49.7 29066 12114
390 390 696 49.7 3299 42813
512 451 570 49.7 7978 29763
514 483 805 49.7 3008 50296
636 559 461 49.7 8004 22539
502 531 458 49.7 3633 26711
389 460 454 49.7 6493 23589
1616 1038 679 49.7 2187 42767
396 717 620 49.7 15074 25967
575 646 638 49.7 8218 34070
1474 1060 779 49.7 9443 42175
557 809 794 51.1 6616 47480
498 654 709 55.2 13169 39027
528 591 650 62.0 6543 47193
321 321 564 62.0 18514 28145
570 446 512 62.0 7520 34795
292 292 386 56.9 11096 18232
734 513 441 56.9 4395 29079
383 448 377 62.2 4833 26430
427 437 411 62.2 12410 21697
186 312 342 62.2 22432 5926
297 304 358 62.2 0 29657
225 264 308 62.2 7384 18138
194 194 262 62.2 3997 17690
241 218 233 62.2 6874 12433
1639 928 496 62.2 4783 36303
177 177 275 56.3 23471 -2851
222 222 314 56.3 0 23571
731 477 359 56.3 4692 22262
340 408 432 56.3 2717 29702
412 410 335 62.2 11609 16187
286 348 331 62.4 3219 24294
298 323 355 62.4 4344 25161
354 339 335 62.4 8807 19070
341 340 328 62.4 7113 20164
209 209 267 62.4 5425 16780
550 380 315 62.4 5632 20568
309 344 301 62.4 7101 17964
378 361 321 62.4 5132 21585
485 423 333 62.4 3524 24133
812 617 445 62.4 7370 29648
1065 841 560 62.4 7600 38962
604 722 581 62.4 11819 36495
535 629 598 62.4 6796 42891
486 557 594 63.7 10841 39615
475 516 584 63.7 11193 38410
363 363 477 63.7 7935 32599
453 408 447 63.7 7188 30810
358 383 400 63.7 7068 26942
1013 698 507 63.7 3869 39220
494 596 476 63.7 9085 31303
287 287 402 62.9 8759 24929
570 428 429 62.9 5085 30845
227 328 401 63.6 16127 17899
270 270 345 63.6 3512 25791
1850 1060 586 63.6 8221 41459
632 846 599 66.9 7565 45870
542 694 627 66.9 8408 47501
422 558 576 66.9 13196 38208
351 351 581 63.6 8998 40304
335 343 479 62.0 18129 21443
368 356 409 62.0 6342 27448
422 389 380 62.0 2958 28475
1149 769 498 62.0 7671 33499
1115 942 616 62.0 4592 46290
823 882 681 62.0 7010 49252
576 729 678 62.0 9319 46704
1018 874 793 62.0 7621 57922
679 776 771 62.0 10087 53659
629 703 732 62.0 7881 52585
507 507 612 62.0 8141 42404
679 593 630 62.0 7555 44544
657 625 597 62.0 6529 42798
511 568 563 62.0 5741 40785
768 668 574 62.0 7553 39854
581 624 576 62.0 9455 38155
356 490 535 66.6 15597 31892
273 273 423 60.9 12322 21985
302 302 402 60.9 2888 29750
202 202 310 60.1 11276 13618
411 307 305 60.1 3216 21245
742 524 351 60.7 3570 24888
204 364 326 60.7 10189 16194
410 387 343 60.7 1031 26775
391 389 356 60.7 4000 24840
272 331 363 60.7 5827 23590
282 306 320 60.7 4938 20988
232 269 297 60.7 3438 20611
390 330 309 60.7 5153 19872
460 395 324 68.3 3356 26093
549 472 365 71.2 7151 27491
251 251 293 69.3 4161 22904
230 241 293 69.3 6658 20398
420 331 309 69.3 3645 24924
1145 738 479 69.3 5217 39011
628 683 476 69.3 8436 35548
385 534 482 69.3 7043 37473
703 618 539 69.3 6681 43136
357 357 487 68.7 8888 35735
344 344 445 68.7 6918 33834
731 537 459 68.7 5985 36023
581 559 482 68.7 5854 38294
562 560 468 68.7 7797 35092
436 498 460 68.7 6582 35498
349 349 429 68.7 9221 30045
328 338 402 68.7 4162 32648
1775 1057 664 68.7 2477 58315
445 751 594 70.4 27148 28571
408 408 511 68.9 3093 43840
371 389 471 70.4 14235 29934
337 363 510 70.4 10503 37332
399 381 427 70.4 8154 31932
457 419 376 70.4 4906 30352
751 585 445 70.4 5283 36489
209 209 312 68.9 19070 9612
696 452 405 68.9 1070 36114
521 486 403 68.9 9390 27605
404 445 431 68.9 5330 34269
1730 1088 643 68.9 4682 54418
486 787 632 68.9 17141 40896
750 768 702 68.9 6189 58325
414 414 545 68.5 19515 30237
643 528 647 68.5 4346 54734
477 503 534 68.5 22486 26225
577 540 534 68.5 10480 38287
284 284 372 65.4 18631 13869
545 415 423 65.4 1329 35573
619 517 436 65.4 10554 27476
471 494 446 67.7 6105 34183
689 591 463 67.7 6083 35726
341 341 400 67.7 6629 29462
527 434 443 67.7 7621 32393
276 276 352 62.0 8993 20083
564 420 407 62.0 4191 29431
439 430 362 62.0 8202 21733
485 457 403 62.0 8938 24347
365 411 370 62.0 3542 27078
261 336 366 62.0 20832 9456
576 456 404 62.0 2662 30710
801 628 477 62.0 8158 31268
271 271 355 58.7 12817 14967
619 445 409 58.7 5100 26967
797 621 478 58.7 4928 32537
773 697 561 58.7 27741 16201
227 227 354 58.7 5747 21942
1184 706 555 58.7 7412 36058
593 649 547 58.7 31283 11576
593 621 583 58.7 42793 11576
332 477 466 58.7 8054 28433
581 529 549 58.7 5114 37872
658 593 545 58.7 11527 31156
264 264 410 56.5 4524 26341
889 576 488 56.5 5523 31267
380 478 445 56.5 4105 29395
1259 869 627 56.5 7520 39704
383 383 426 60.6 6078 28369
593 488 523 60.6 3924 38383
570 529 490 60.6 7956 31660
698 613 574 60.6 5220 41212
428 521 475 60.6 10633 27754
1310 916 659 60.6 3202 50116
483 699 618 60.6 8458 41523
404 404 544 60.6 7887 36107
667 535 546 60.6 4556 39615
402 469 539 60.6 7403 36178
580 524 510 60.6 7933 33326
536 530 467 60.6 7197 30555
724 627 533 60.6 6331 36797
709 668 555 60.6 7031 37852
2565 1617 973 60.6 16275 62376
726 1171 920 65.0 17005 62700
591 591 801 63.9 32601 35653
515 553 738 63.9 9403 53487
504 528 763 63.9 28021 37006
590 559 635 65.3 10032 45226
593 576 534 65.3 9145 37360
683 630 554 65.3 11379 36868
524 577 539 65.3 8013 38939
1216 896 681 65.3 7119 52179
598 747 654 65.3 12661 44317
564 656 656 65.3 11078 45996
525 590 612 68.6 17042 38992
795 693 677 68.6 8472 53512
481 481 556 68.6 10742 40161
459 459 518 68.6 13534 33865
589 524 506 70.8 4529 43237
575 549 521 70.8 35226 13905
1569 1059 706 70.8 1354 65258
679 869 690 70.8 11041 54095
486 486 603 70.3 7264 49303
498 492 581 70.3 17951 36517
572 532 614 70.3 4715 52820
262 262 439 70.3 28222 12915
280 280 356 68.5 8257 24221
299 290 323 68.5 8237 21275
532 411 362 68.5 4760 28332
1883 1147 639 68.5 12057 46283
453 800 597 68.5 14527 40028
428 614 609 68.5 8037 47551
437 525 578 68.5 12602 40180
428 428 602 68.5 18059 36958
408 408 491 68.9 5803 39303
351 351 409 70.2 7981 30343
492 422 406 70.2 9567 28476
582 502 420 70.2 7085 32238
1069 785 552 70.2 4966 46673
365 365 413 67.6 11587 25597
243 243 379 65.9 4444 28808
301 272 349 65.9 8083 22596
965 619 497 65.9 3493 40182
276 276 309 63.4 15859 10270
503 389 354 63.4 1132 28814
471 430 364 63.4 6863 23941
173 173 312 58.6 10712 13630
238 238 266 58.6 1279 19490
267 253 263 58.6 3352 17149
397 325 291 58.6 4255 18463
436 380 284 58.6 3035 19139
352 366 308 58.6 6467 17589
279 323 305 58.6 2264 21571
310 316 313 58.6 4614 19833
469 393 347 58.6 1681 25387
214 303 310 63.4 8719 17500
749 526 398 65.4 2766 31915
583 555 425 65.4 6358 30706
743 649 509 65.4 8848 35545
361 505 466 65.4 11990 28581
239 372 450 65.4 11957 27285
203 203 355 58.6 11503 16185
379 291 358 58.6 2458 25494
204 204 268 56.7 5784 14478
230 217 241 56.7 2990 15199
416 316 248 56.7 8555 10177
794 555 370 56.7 1205 26792
398 477 364 56.7 11152 16360
323 400 370 56.7 2347 25624
187 293 341 56.7 17817 7981
218 256 338 56.7 0 25540
335 295 314 56.7 4319 19423
227 227 262 56.7 1770 18003
840 533 368 70.8 6732 28039
206 206 249 56.7 6686 12141
207 206 262 56.7 1413 18397
276 241 239 70.8 6467 16082
342 291 292 70.8 3312 24255
395 343 267 70.8 6779 18400
357 350 286 70.8 7493 19489
662 506 371 70.8 3528 31480
547 526 411 70.8 10379 28400
549 538 452 70.8 5823 36817
820 679 530 70.8 7161 42873
357 518 508 70.8 22749 25215
268 268 410 56.7 8572 22438
235 235 357 56.7 5526 21493
270 253 335 56.7 7800 17516
275 264 288 56.7 1268 20516
4233 2248 1090 56.7 3603 78897
339 339 507 55.5 38043 -511
312 312 585 56.7 0 44256
331 322 456 55.8 13083 20820
287 287 661 55.8 5057 44075
250 250 271 54.8 20535 -718
315 282 271 54.8 0 19782
534 408 319 54.8 2922 20388
448 428 338 54.8 22352 2299
0 214 267 54.8 23945 -4417
426 320 305 54.8 0 22285
168 244 279 54.8 7272 13062
115 115 219 51.5 3921 11120
662 388 274 51.5 1669 17160
549 469 332 51.5 4522 18289
217 343 307 51.5 7617 13462
147 147 224 47.1 4447 9602
191 169 247 47.1 0 15533
340 255 259 47.1 3502 12785
276 265 238 47.1 3209 11723
267 266 218 47.1 2067 11654
71 169 191 47.1 5172 6858
139 154 191 47.1 0 11989
159 156 177 47.1 4676 6472
112 134 158 47.1 0 9946
167 150 144 47.1 3272 5769
438 294 199 47.1 0 12486
605 450 280 47.1 1376 16220
590 520 346 47.1 4054 17680
348 434 357 47.1 5870 16578
461 447 403 47.1 2379 22916
630 539 463 54.3 2763 30714
532 535 479 54.3 10796 23893
428 482 456 61.5 7780 29662
158 158 327 47.1 20310 219
349 254 337 61.8 0 27749
241 248 291 61.8 10376 13630
311 279 281 61.8 1265 21928
689 484 318 61.8 3268 22933
532 508 373 70.9 3157 32133
513 511 409 70.9 6588 32137
388 449 411 70.9 8006 30840
377 413 428 75.3 7848 35111
434 424 424 75.3 7459 35044
541 482 439 75.3 4422 39627
391 437 414 75.3 10