2852 1426 1426 1188.5 2142 188010
357 357 357 141.3 135560 -88024
154 154 154 28.6 113294 -107414
113 113 113 30.5 98613 -94041
29 29 29 25.4 94560 -93572
44 44 44 25.5 88102 -86617
34 39 39 25.6 83776 -82450
31 31 31 25.7 77193 -76126
86 86 86 25.7 65259 -62311
37 37 37 25.8 60933 -59649
10 10 10 25.9 59491 -59131
45 45 45 26.1 54363 -52780
63 54 54 26.3 50134 -48230
22 22 22 26.5 45058 -44266
50 36 36 26.7 42174 -40876
90 63 19 26.9 42174 -41476
24 24 12 27.1 36093 -35655
17 17 9 27.3 34651 -34336
19 18 7 27.5 34651 -34400
19 18 8 27.7 34651 -34400
19 18 7 27.9 34651 -34400
19 19 7 29.3 0 -34400
19 19 7 30.6 36851 -36575
29 29 9 31.9 33967 -33570
60 60 18 33.3 2200 -1414
0 30 12 34.6 2200 -1643
109 69 22 35.9 0 1060
0 35 14 37.3 0 688
487 261 74 38.6 0 3801
607 434 144 39.9 0 7681
646 540 240 39.9 0 12793
813 676 378 43.0 11808 9867
1475 1076 772 43.2 13246 31185
1475 1276 1162 43.2 44041 22851
753 1014 1058 76.5 3407 104493
351 351 398 43.2 61722 -38811
333 333 288 43.2 19098 -2492
405 369 301 43.2 0 17351
498 434 359 43.2 2227 18457
423 428 344 79.5 2056 34429
436 432 351 86.9 11541 29145
658 545 434 86.9 4374 45893
408 476 403 86.9 20666 26031
294 294 279 86.9 12237 20133
268 268 249 86.9 7717 21145
129 129 149 82.7 10432 5988
151 151 146 82.7 0 16058
589 370 279 82.7 3973 26804
83 83 105 70.8 18052 -8163
39 61 72 57.2 16795 -11327
37 37 45 51.6 8922 -5841
72 72 73 51.6 1764 3278
40 40 38 51.6 0 2588
296 168 117 51.6 0 8079
806 487 334 51.6 4394 18574
663 575 428 51.6 2452 27017
422 498 397 51.6 8604 18711
238 238 223 51.6 2957 12397
540 389 333 51.6 1081 21820
3363 1876 1460 51.6 5720 94719
291 291 452 49.5 59398 -29552
310 310 548 49.5 22544 13658
347 347 440 49.5 2084 26979
1392 870 508 49.5 4067 29482
909 889 594 49.5 4197 35012
2978 1934 1286 51.6 5261 83233
580 580 812 50.7 23554 31373
786 683 682 50.7 4947 41203
1790 1236 1131 50.7 11691 64807
756 996 956 50.7 13060 51586
550 550 659 50.7 4529 40045
624 587 704 50.7 7748 39878
563 575 619 50.7 7384 34495
250 250 364 44.6 15888 5777
618 434 408 44.6 17798 6487
55 55 214 39.3 11910 -684
784 419 297 39.3 0 15545
399 409 317 39.3 1346 15248
2696 1552 811 44.6 8029 40170
1340 1446 1046 44.6 39045 23181
1189 1318 1085 44.6 4363 60148
590 954 1061 44.6 6778 56311
855 904 961 44.6 6307 50809
617 761 816 44.6 10983 37552
683 722 704 44.6 4813 37021
1290 1006 844 44.6 10570 39598
409 409 532 44.6 4924 26690
1000 705 606 44.6 3108 32956
1713 1209 933 44.6 4732 50761
1505 1357 1025 44.6 8934 52039
1338 1348 1123 48.2 5888 66231
845 1096 1081 48.2 9201 60217
592 844 937 48.2 14853 45305
437 437 640 46.5 4722 35015
540 489 561 46.5 5635 29143
5440 2965 1958 46.5 4241 117236
949 1957 1480 48.3 18661 76695
764 764 841 48.3 28869 25359
1877 1321 1556 48.3 5598 94694
842 1081 1365 48.3 22511 65461
994 1038 1110 48.3 7580 63957
461 461 663 46.2 19220 21600
887 674 783 46.2 1115 47103
949 812 742 48.3 7466 40374
851 831 708 48.3 8399 37229
326 326 435 48.3 11247 16770
3635 1981 1324 48.3 0 85338
2302 2142 1423 48.3 11410 80314
1557 1849 1494 48.3 8688 87595
1444 1646 1632 48.3 8962 96250
3068 2357 2149 48.3 15538 122991
1203 1780 1726 48.3 13750 97472
1190 1485 1611 48.3 61551 42267
2092 1789 1804 48.3 3412 112884
806 806 1066 46.6 32813 33450
967 886 1079 46.6 6325 60775
813 850 906 46.6 12970 43368
401 401 521 45.9 14692 17231
1144 772 726 45.9 4457 40036
647 710 613 45.9 19496 18034
233 233 359 44.6 3042 18295
207 220 359 44.6 8509 12849
31 31 148 44.0 14806 -6119
131 131 148 44.0 0 8705
0 65 72 43.8 8942 -4745
0 33 51 43.8 8942 -5968
0 16 37 41.2 8942 -5968
0 8 19 37.5 8942 -5968
0 4 9 31.1 0 -5968
0 2 5 22.2 0 140
7690 3846 2223 22.2 0 65716
840 2343 1478 22.2 10804 32883
5668 4005 3180 22.2 6328 87666
935 2470 3008 22.2 16644 72256
925 1698 1902 22.2 10813 45394
1594 1646 1614 22.2 3672 44041
751 1198 1336 22.2 2917 36563
1770 1484 1322 22.2 4944 34125
1924 1704 1480 22.2 3309 40420
1408 1556 1439 22.2 4857 37669
1274 1415 1295 22.2 23514 14764
365 890 968 22.2 2787 25825
520 705 748 22.2 4469 17630
437 571 611 22.2 5216 12845
66 66 260 21.6 10532 -3062
86 86 121 21.6 0 3471
420 253 213 21.6 0 6118
150 201 211 21.6 0 6075
127 164 148 21.6 0 4256
359 261 199 21.6 0 5715
0 131 153 21.6 4950 -549
0 65 82 21.6 0 2350
0 33 45 22.2 0 1329
0 16 33 22.2 0 977
0 8 17 22.2 0 488
1226 617 372 22.2 0 10993
980 799 619 22.2 1891 16391
1532 1165 885 24.4 4644 24136
877 1021 882 32.1 2384 35358
1115 1068 914 36.0 5959 37924
1246 1157 991 36.0 4286 43301
1290 1223 1075 36.0 4379 47211
1679 1451 1225 36.0 7043 51745
901 1176 1112 36.0 5490 47882
972 1074 991 36.0 11398 36157
2194 1634 1319 36.0 4278 59020
1036 1335 1279 36.0 6440 54934
622 979 977 36.0 13442 33433
625 802 779 36.0 3814 33583
508 655 676 36.0 8478 23989
1007 831 735 36.0 3045 32248
281 556 585 36.0 20243 7841
712 634 561 36.0 0 26934
850 742 636 36.0 16542 13983
4567 2655 1857 39.6 2893 95134
1027 1841 1769 42.4 22699 77348
648 648 837 39.6 18395 25826
215 215 376 36.6 13296 5055
233 224 406 36.6 0 19781
909 566 545 36.6 2095 24469
1401 984 774 36.6 3101 34675
1450 1217 956 36.6 6877 39764
516 866 774 36.6 3429 34319
2416 1641 1247 57.2 10896 84170
6063 3852 2941 74.0 14817 275495
1015 1015 1442 57.2 141027 -31110
694 694 849 47.0 59761 -6529
661 678 806 47.0 0 50512
1160 919 976 47.0 18486 42668
2641 1780 1356 47.0 6170 78803
604 604 720 43.8 12131 29902
596 600 589 43.8 8262 26118
258 258 398 43.1 9586 13269
288 273 410 43.1 1391 22180
750 511 431 43.1 1029 23733
3615 2063 1406 43.1 7414 73370
581 581 680 40.9 11374 25720
3040 1811 1217 40.9 2105 64230
614 1212 1142 40.9 25383 36863
382 382 705 36.4 6585 27636
1099 740 608 36.4 3700 25825
1540 1140 1011 36.4 2796 46266
901 1020 933 36.4 8044 37219
680 850 744 36.4 11653 24443
370 610 620 36.4 6473 23642
2198 1404 1082 36.4 3698 48836
724 1064 986 40.7 9542 43906
566 815 787 43.6 8967 36739
1237 1026 856 43.6 6447 43267
1046 1036 962 43.6 8881 47023
822 929 867 43.6 5057 45296
504 717 706 43.6 6001 35029
354 535 586 43.6 9786 24262
548 542 553 43.6 3260 28847
997 770 664 43.6 3869 34703
1200 985 798 44.5 7089 40262
435 710 660 44.5 14802 24330
472 591 562 44.5 5074 28285
506 549 540 44.5 12337 19723
767 658 609 44.5 1381 34746
608 633 578 66.1 6683 44237
684 659 579 66.1 5838 45176
566 612 553 75.1 8988 46409
547 580 539 81.4 5497 53024
672 626 558 81.4 9798 50726
261 261 353 72.9 23002 11323
1330 795 603 81.4 1110 64302
496 646 585 81.4 38324 25134
239 239 338 72.9 24194 8708
268 268 264 78.9 0 27742
604 436 404 78.9 3157 39345
679 557 474 78.9 13275 36551
483 520 434 78.9 19233 26416
381 381 360 78.9 4601 33266
429 405 373 78.9 9858 29374
545 475 424 78.9 12262 32355
356 416 393 78.9 8868 32495
195 195 245 73.2 16539 7335
154 174 202 69.1 3404 15198
242 208 216 69.1 2660 17265
206 207 207 69.1 5912 13172
183 195 177 69.1 10257 6079
174 184 168 69.1 0 15490
1206 695 466 69.1 1252 41654
225 460 406 69.1 23863 13512
597 529 426 69.1 2439 36835
2504 1516 1016 69.1 22879 70798
293 293 511 49.4 39312 -5645
275 275 332 49.4 2176 19703
410 342 341 49.4 2291 20155
607 475 506 49.4 7958 25342
294 384 345 49.4 10102 12609
161 161 209 46.9 3906 9176
0 81 136 46.2 13337 -4964
0 40 102 40.6 13337 -7802
271 156 144 40.6 9365 -1587
113 113 109 40.6 0 5913
506 310 211 40.6 0 11423
778 544 372 46.0 1266 21517
4341 2442 1537 46.0 2659 91522
549 1495 1280 46.0 36511 41914
281 281 526 37.7 34946 -8534
497 389 471 37.7 0 23645
1335 862 878 37.7 2220 41857
730 796 751 37.7 6299 31410
1757 1276 929 37.7 12559 34098
1236 1256 1004 37.7 1498 48923
1111 1184 1033 37.7 3529 48324
677 930 884 37.7 2852 41528
1152 1041 966 37.7 4207 44285
762 902 880 37.7 3048 41132
831 867 831 37.7 4889 36803
2085 1476 1157 37.7 9055 49011
1055 1266 1114 37.7 8120 47797
1210 1238 1087 37.7 4915 49659
694 966 931 37.7 2085 44651
1149 1057 1009 37.7 5240 45422
1259 1158 1043 46.0 6026 57900
1519 1339 1155 46.0 8950 61812
705 1022 969 46.0 14699 44654
620 821 834 46.0 4022 47050
1841 1331 1114 46.0 8031 60202
1652 1491 1270 70.4 1815 117385
1036 1264 1138 78.4 20333 98627
1198 1231 1099 84.2 22041 101247
1324 1277 1174 84.2 8911 122858
1083 1180 1129 88.1 30398 102273
854 854 899 83.8 25862 74651
364 364 561 75.4 50645 5738
235 235 408 70.7 35368 3073
736 485 494 70.7 0 46553
1321 903 712 75.4 8164 63451
1010 957 747 83.8 8822 74657
617 617 566 81.9 12276 49529
446 446 473 78.5 7388 42051
747 597 575 78.5 3456 56712
727 662 615 78.5 7789 56546
614 638 571 78.5 9934 49771
533 586 527 78.5 5762 49412
660 623 562 78.5 8306 50485
647 635 577 78.5 7641 52738
873 754 646 78.5 8260 59367
758 756 658 78.5 6074 62767
530 530 534 78.5 11761 44082
396 396 435 75.5 14321 29392
473 435 445 75.5 5200 39530
445 440 436 75.5 6764 37136
257 257 299 72.7 14219 14784
255 256 265 72.7 2313 23355
624 440 370 72.7 3838 32013
358 399 359 72.7 6700 28117
374 387 336 72.7 4764 27800
487 437 370 72.7 6633 29245
315 376 358 72.7 14036 20633
217 217 253 60.5 6742 13683
116 116 173 57.6 5465 7799
109 109 153 57.6 0 11716
1631 870 586 57.6 0 45052
837 853 641 60.5 27629 24049
588 721 585 63.0 9842 39248
71 71 212 60.5 34141 -17075
438 255 329 60.5 0 26489
1078 666 559 60.5 3418 41642
525 595 524 60.5 41698 563
396 495 410 60.5 0 33064
1090 793 615 60.5 4565 44977
698 746 657 60.5 7349 45634
456 601 567 60.5 9578 36108
665 633 571 60.5 23147 22872
578 605 582 60.5 1176 45760
573 589 559 60.5 19847 25216
1040 815 676 60.5 7638 46886
444 630 592 60.5 46350 1357
394 394 437 60.5 0 35256
876 635 556 60.5 13793 31025
251 251 358 57.6 22740 4775
0 125 221 45.5 26884 -13453
0 63 136 44.1 26884 -18896
34 34 115 34.3 11480 -6196
612 323 234 34.3 0 10696
263 293 229 34.3 1365 9102
3227 1760 1110 34.3 0 50793
983 1372 1052 34.3 8907 39240
1292 1332 1083 34.3 5763 43796
621 977 907 34.3 4191 37313
671 824 918 34.3 6542 35501
345 345 547 34.3 3903 21153
377 361 475 34.3 2417 19333
695 528 515 34.3 2579 21015
495 512 488 34.3 5797 16550
160 160 228 34.8 5263 5325
1163 661 500 34.8 0 23190
254 458 438 34.8 16995 3302
160 160 238 34.8 0 11020
647 404 326 34.8 5031 10103
406 405 387 34.8 0 17948
737 571 464 34.8 2433 19070
1064 817 611 34.8 1082 27233
3832 2325 1599 34.8 9669 64485
179 179 500 32.3 40787 -19234
194 194 341 32.3 4739 9961
18 106 294 31.0 12824 -688
72 72 324 28.0 0 12106
375 223 173 28.0 1081 5389
886 555 384 28.0 0 14368
760 657 481 28.0 1068 16904
2447 1552 1047 28.0 2351 36792
789 1171 962 30.7 3564 35769
447 809 774 32.6 11014 22660
594 701 699 32.6 2198 28211
688 695 747 32.6 3087 29400
871 783 739 32.6 5973 26166
479 631 615 32.6 2112 24630
544 587 562 32.6 5679 18780
779 683 611 32.6 3736 22864
934 808 699 32.6 2350 28078
730 769 677 32.6 3901 25547
775 772 678 32.6 3046 26479
895 833 730 32.6 5236 26528
769 801 730 32.6 6273 25491
9050 4926 3219 36.1 3877 151183
630 2778 2444 36.1 88947 28784
582 582 1060 30.6 34620 8568
733 658 1001 30.6 0 40790
320 489 1136 30.6 11971 34317
592 541 752 30.6 4967 25661
1071 806 651 30.6 4082 22433
4199 2503 1711 30.6 2319 67373
641 1572 1255 30.6 11611 39534
465 1019 993 38.2 2665 47837
695 857 893 45.9 33783 20915
396 396 727 47.3 2227 43553
1854 1125 1000 48.7 6312 58631
1708 1417 1118 48.7 8258 64307
709 1063 934 48.7 11247 49422
409 409 499 47.3 11254 20211
219 219 424 44.3 4054 21006
493 356 477 44.3 3002 25220
417 387 422 44.3 6314 18636
623 505 414 44.3 2397 22090
1136 820 596 44.3 1092 34122
774 797 627 44.3 8282 28786
293 293 347 44.3 3259 17240
549 421 421 44.3 4017 20852
490 456 455 44.3 4469 22447
173 173 273 43.9 3238 12742
347 260 252 43.9 2577 12137
265 262 256 43.9 6801 8192
0 131 177 43.9 15286 -4908
406 269 220 43.9 0 12878
680 474 356 43.9 1340 19474
100 287 259 43.9 14985 156
110 110 142 43.9 0 8317
2957 1534 1010 43.9 0 59069
307 921 726 43.9 53161 -10723
411 666 609 43.9 19373 16262
512 589 528 43.9 2355 28515
315 452 584 43.9 9707 24444
536 494 508 43.9 2421 27311
840 667 571 43.9 25283 8116
840 754 623 43.9 33338 8116
104 104 228 43.7 21357 -8046
180 142 232 43.7 8113 5422
70 70 168 42.2 6964 2505
157 113 183 42.2 0 10303
0 57 64 37.3 10170 -6992
104 80 81 37.3 5642 -1634
11 11 28 30.9 4377 -3233
0 5 26 29.0 4377 -3371
0 3 13 18.8 4377 -4061
0 1 12 16.3 4377 -4061
7 7 6 16.3 0 127
445 226 139 16.3 0 3009
500 363 234 16.3 0 5086
239 301 220 16.3 0 4785
300 300 234 16.3 0 5086
41 41 105 16.3 0 2270
179 110 147 16.3 0 3198
548 329 258 16.3 0 5595
214 272 232 16.3 0 5027
66 169 151 16.3 2410 859
84 126 131 16.3 0 2844
44 85 122 16.3 0 2654
0 43 80 16.3 2153 -411
28 35 56 16.3 0 1211
87 61 61 16.3 0 1328
71 66 59 16.3 0 1272
211 139 99 16.3 0 2151
262 200 141 16.3 0 3060
152 176 138 16.3 0 3002
94 135 120 16.3 0 2595
186 161 142 17.2 0 3256
1243 702 477 17.2 0 10917
159 430 340 17.2 4511 3258
162 296 278 17.2 0 6356
79 188 206 17.2 1078 3630
165 177 243 17.2 0 5565
93 135 170 18.9 0 4296
87 111 132 33.2 0 5824
64 87 99 43.2 2283 3414
120 104 103 54.3 0 7460
101 103 95 54.3 0 6902
137 120 103 54.3 6204 1257
78 99 89 54.3 0 6420
177 138 115 54.3 1154 7145
7 7 36 43.2 6752 -4653
0 4 31 43.2 6752 -4956
26 26 34 43.2 1431 507
11 11 26 34.6 0 1205
959 485 298 34.6 0 13780
1257 871 560 34.6 0 25865
38 38 109 30.0 18696 -14319
21 21 96 18.0 15794 -13484
36 36 117 18.0 12367 -9556
35 36 138 18.0 10657 -7332
24 24 25 16.9 6462 -5903
73 49 37 16.9 0 842
95 72 54 16.9 2258 -1043
368 220 147 16.9 0 3297
270 245 171 16.9 0 3842
614 429 299 16.9 0 6730
502 466 341 16.9 0 7671
903 684 510 16.9 0 11460
1646 1165 828 16.9 0 18618
303 734 631 16.9 3220 10974
171 453 483 16.9 1351 9507
386 419 459 16.9 2484 7834
111 265 389 16.9 3398 5346
50 50 182 12.6 1142 1922
351 201 215 12.6 0 3615
237 219 209 12.6 0 3517
0 109 128 12.6 2359 -202
17 17 45 12.6 0 756
0 8 46 12.6 2386 -1608
0 4 35 10.1 2386 -1912
0 2 16 10.1 2386 -1912
0 1 3 8.9 2386 -1912
0 1 2 8.9 0 -1912
0 0 1 8.9 1740 -1912
113 56 35 8.9 0 414
100 78 51 8.9 0 606
159 119 81 12.5 0 1349
133 126 91 12.5 0 1515
373 249 178 12.5 0 2959
129 189 152 12.5 0 2529
261 225 185 12.5 0 3082
552 389 287 12.5 0 4791
414 401 320 12.5 0 5336
164 283 254 12.5 0 4232
207 245 235 12.5 0 3918
217 231 237 12.5 0 3943
221 226 228 12.5 0 3798
176 201 195 12.5 0 3253
631 416 320 12.5 0 5333
199 307 261 12.5 0 4355
407 357 301 12.5 0 5011
100 229 220 12.5 0 3669
0 114 170 12.5 3360 -519
33 33 93 12.8 0 1589
0 17 72 12.8 0 1233
0 8 41 11.3 0 612
885 447 291 11.3 0 4381
322 384 264 11.3 0 3987
509 447 330 11.3 0 4968
2937 1692 1107 14.9 0 21997
369 1030 824 15.3 3372 13422
190 610 621 17.7 3846 10773
112 112 284 18.1 2422 4430
42 42 320 18.1 1420 6288
226 134 239 18.1 0 5773
218 176 198 18.1 0 4778
1859 1018 662 18.1 0 15961
370 694 502 18.1 2157 9961
1948 1321 946 18.1 0 22828
215 768 647 18.1 4300 11297
2406 1587 1256 18.1 1156 29150
1317 1452 1171 18.1 6025 22230
1015 1234 1142 18.1 3296 24237
1929 1581 1293 18.1 2009 29171
993 1287 1217 18.1 2873 26475
3726 2507 1955 18.1 3739 43414
1254 1880 1617 18.1 4598 34410
899 1390 1385 18.1 4332 29080
1807 1598 1440 18.1 5766 28956
1530 1564 1538 18.1 2459 34639
1147 1356 1325 18.1 6075 25893
666 1011 1040 18.1 3601 21480
400 706 838 18.1 6508 13708
1362 1034 987 18.1 1304 22505
1024 1029 949 39.6 2303 47728
411 720 728 65.3 14292 49011
320 320 432 43.8 15980 9252
245 282 403 43.8 0 23491
600 441 461 43.8 10574 16317
315 378 379 43.8 2393 19702
118 118 175 40.9 8641 868
110 114 152 40.9 0 8270
357 235 226 43.8 0 13197
1044 640 467 63.1 2694 36575
236 236 220 63.8 12774 5900
209 222 217 63.8 0 18420
976 599 448 63.8 2181 35935
491 545 474 63.8 2635 37688
461 503 421 63.8 7032 28771
166 334 322 63.8 18877 8476
510 422 406 63.8 0 34562
472 447 408 63.8 12424 22236
1292 870 665 63.8 5087 51426
375 622 523 63.8 23828 20669
273 273 333 52.1 10656 12489
702 488 444 52.1 8094 22713
165 326 377 52.1 15816 10380
48 48 169 49.8 24984 -13773
1466 757 540 49.8 0 35849
1793 1275 906 49.8 7032 53124
375 375 403 43.7 16670 6791
323 349 361 43.7 0 21058
739 544 517 43.7 7125 22989
2007 1275 1009 43.7 4132 54658
626 951 755 43.7 43844 145
84 84 260 40.4 35276 -21269
411 248 344 40.4 0 18496
383 316 405 40.4 2295 19512
1383 850 677 40.4 3164 33248
494 672 501 40.4 30755 -3801
486 579 496 49.6 0 32754
235 407 403 49.6 12102 14507
342 374 425 49.6 15982 12101
4554 2464 1670 49.6 2274 108072
7016 4740 3290 51.2 16344 208071
1263 1263 1165 41.1 65530 -1704
1069 1166 1327 41.1 0 72726
894 1030 1317 41.1 12464 59681
718 874 1365 41.1 22261 52532
796 835 835 41.1 53043 -7271
720 777 767 41.1 15827 26216
65