0 0 0 0.0 16743 -16743
0 0 0 0.0 16743 -16743
0 0 0 0.0 16743 -16743
0 0 0 0.0 0 0
427 213 213 0.0 0 0
799 506 506 23.7 0 16005
481 494 494 19.5 2380 10458
264 379 379 23.0 2503 9124
2307 1343 1343 30.7 0 54965
457 900 900 33.5 17974 22255
194 194 194 12.9 12788 -9444
197 197 197 15.1 840 3120
197 197 197 17.2 3076 3120
32 32 32 14.8 0 638
183 108 108 16.4 0 2359
312 210 103 16.9 0 2320
553 381 302 17.5 0 7033
627 504 401 18.0 0 9605
1130 817 751 18.5 0 18515
497 657 492 19.0 2177 10268
2489 1573 1578 19.5 1693 39336
800 1186 1115 20.0 3793 25969
1042 1114 1227 20.5 2877 30703
2269 1691 1546 21.0 11883 31476
206 206 384 16.4 20355 -11946
292 249 487 16.9 0 10998
537 393 0 17.5 1262 -1262
1795 1094 922 17.5 0 21455
591 842 703 18.0 1986 14868
449 646 670 18.5 2704 13816
2182 1414 1085 19.0 3223 24252
204 809 761 19.5 12758 7027
558 683 857 20.0 0 22880
548 616 496 20.5 3535 10025
323 469 471 21.0 0 13214
739 604 527 60.5 4486 38048
382 493 437 60.5 12913 22343
271 271 337 58.1 2315 23768
194 194 208 54.0 4066 10875
217 206 172 54.0 1123 11221
828 517 380 54.0 3222 24141
978 748 565 61.7 7193 39250
26 26 193 53.4 42949 -29202
137 137 229 53.4 24759 -8456
419 278 125 61.7 0 10239
1604 941 680 61.7 2557 53324
594 767 579 61.7 23839 23752
164 164 313 54.6 19289 3534
192 178 252 53.9 0 18121
208 193 214 53.9 4185 11201
317 255 273 53.9 5264 14319
183 219 186 53.9 1211 12172
347 283 240 53.9 2765 14449
447 365 284 53.9 2137 18228
932 648 488 53.9 3104 31918
324 486 396 57.5 11412 18930
584 535 487 57.5 3576 33731
1008 772 605 57.5 4621 41705
0 386 406 57.5 47155 -16065
78 232 332 57.1 41026 -15756
235 235 240 57.1 7560 10682
117 117 177 55.9 6751 6419
141 141 163 55.9 0 12169
1737 939 639 55.9 6637 41032
192 192 185 47.0 24980 -13403
675 434 469 47.0 0 29381
0 217 154 44.7 27874 -18706
161 161 285 44.7 0 16944
311 236 186 44.7 5097 5991
454 345 283 44.7 0 16846
705 525 390 44.7 7368 15840
543 534 418 44.7 946 23927
685 610 501 48.7 3308 29178
526 568 487 48.7 7303 24264
2404 1486 1083 48.7 4747 65527
715 1100 921 48.7 13463 46279
286 286 555 44.8 19635 13511
412 349 445 48.7 1307 27547
1123 736 647 48.7 19396 22577
20 20 158 44.8 38497 -29054
77 77 229 44.8 31082 -17440
377 227 145 44.8 0 8635
1107 667 448 44.8 4047 22664
283 475 346 44.8 6831 13829
736 605 525 44.8 2275 29043
604 605 500 44.8 6800 23057
107 107 238 30.9 15000 -5167
527 317 348 30.9 0 14335
354 335 258 30.9 6662 4000
196 265 264 30.9 0 10881
367 316 274 30.9 1185 10100
482 399 319 30.9 2805 10364
261 330 292 30.9 1217 10817
2224 1277 879 30.9 2327 33928
2224 1751 1246 44.8 33937 33928
2224 1988 1714 44.8 66278 33928
465 1226 1188 46.8 39875 34335
0 613 787 46.8 37865 11320
241 241 393 31.0 25090 -8870
194 194 315 31.0 0 13027
1973 1084 959 31.0 1452 38179
183 633 508 31.0 32580 -11609
183 408 432 31.0 32580 -11609
183 296 256 31.0 32580 -11609
0 148 254 31.0 0 10506
1815 981 806 31.0 0 33308
192 192 182 29.9 14667 -7404
173 182 275 29.9 0 10936
878 530 348 29.9 2194 11675
545 538 510 46.8 1213 30611
572 555 456 47.5 10410 18476
188 371 314 47.5 13235 6635
636 504 461 47.5 0 29204
184 344 325 47.5 12472 8137
32 32 142 29.9 9551 -3907
463 248 243 29.9 0 9693
416 332 280 47.5 1347 16401
336 334 300 47.5 2258 16737
289 311 242 47.5 11525 3823
289 300 263 47.5 14941 3823
462 381 327 47.5 0 20723
766 574 457 47.5 3178 25774
2405 1489 1108 47.5 6378 63781
287 287 285 30.1 34900 -23451
180 180 353 30.1 9623 4536
235 207 208 30.1 0 8326
1450 829 757 30.1 0 30357
1181 1005 712 30.1 7525 21019
748 876 673 47.0 3836 38350
938 907 728 54.7 5116 47960
504 705 672 54.7 13818 35191
408 557 602 54.7 27251 16630
99 99 251 25.7 22346 -13733
406 253 348 25.7 0 11933
728 490 435 25.7 2160 12757
223 356 333 25.7 2218 9206
398 377 309 55.5 1261 21566
166 272 247 55.5 9095 9197
1494 883 690 55.5 1097 49954
397 640 496 55.5 22014 14645
403 522 477 55.5 2618 32698
137 329 323 55.5 29791 -5918
290 290 366 55.5 0 27074
276 283 309 55.5 3621 19225
4472 2378 1680 62.5 3132 136936
409 409 471 55.5 78439 -43581
279 279 444 55.5 50764 -17902
388 388 411 55.5 0 30400
396 392 658 55.5 3644 45005
557 474 389 55.5 29436 -648
402 438 360 55.5 0 26637
729 584 463 55.5 3102 31160
733 658 515 55.5 6048 32027
826 742 590 59.2 18632 27896
403 403 412 59.2 5924 26554
248 248 339 60.2 1605 25564
535 392 398 60.2 6351 25584
639 515 457 60.2 7338 29311
1183 849 607 60.2 5012 43698
990 920 660 60.2 10037 42915
572 746 621 60.2 5685 44148
349 547 540 60.2 18067 25235
334 334 447 61.7 4194 32530
247 247 372 60.2 9300 20540
1098 672 561 60.2 3277 41763
1008 840 631 60.2 6074 44518
627 734 572 60.2 8350 37573
570 652 540 60.2 4247 39067
668 660 610 60.2 8220 40702
1169 914 775 60.2 5488 56670
624 769 682 60.2 12656 42051
840 805 705 60.2 6424 50116
524 664 627 60.2 6731 43593
386 386 495 60.2 10425 29299
553 470 498 60.2 4650 35331
993 731 632 61.4 6444 45325
539 635 558 61.8 4766 41218
400 518 466 61.8 19330 19086
648 583 518 61.8 1043 41627
1959 1271 951 61.8 9861 68474
578 578 561 61.5 15274 30704
1670 1124 880 61.5 7517 64600
425 425 523 60.8 19927 22456
1945 1185 973 60.8 3784 75070
351 351 522 59.8 30922 10704
815 583 576 60.3 0 46317
341 462 500 60.3 15351 24813
601 531 542 60.3 2319 41229
797 664 531 60.3 8828 33848
1373 1019 757 60.3 3978 56906
644 831 695 60.3 12409 43438
642 737 654 60.3 7465 45140
868 802 730 60.3 12329 46377
639 721 720 61.5 9890 49100
472 472 542 61.5 9937 34501
781 627 588 61.5 5907 42313
1118 872 732 61.5 3881 56167
937 905 747 61.5 5956 55254
876 890 734 61.5 6395 53801
574 732 696 61.5 10132 46891
514 623 654 61.5 7942 45651
1782 1203 955 61.5 42865 35404
1927 1565 1205 61.5 5948 92870
710 1137 992 65.2 41780 44395
692 692 758 65.2 9328 56507
755 724 840 65.2 10583 62446
604 664 797 65.2 38867 30355
483 483 577 60.8 10805 35986
389 389 450 60.8 6149 30313
461 425 452 60.8 8158 28494
938 682 567 65.1 3133 46135
963 822 639 65.1 8962 46545
391 391 413 65.2 12574 23360
507 449 440 65.2 2293 35961
848 648 593 67.3 5919 47304
764 706 615 67.3 8451 46746
627 666 556 67.3 9993 39917
672 669 587 67.3 5972 46680
722 696 634 67.3 19526 37315
3444 2070 1410 67.3 8115 118344
746 746 821 65.2 26657 44765
491 491 589 61.2 11641 36448
357 357 616 60.6 7288 42499
640 498 688 60.6 8510 47044
630 564 520 60.6 10336 31678
2625 1595 1039 60.6 2824 81116
625 1110 885 60.6 22523 48979
860 985 820 60.6 9648 56638
905 945 910 60.6 12270 61226
696 820 920 60.6 15132 59202
1166 993 918 60.6 11893 62263
528 761 784 60.6 27317 36002
1050 905 822 60.6 3988 62436
1497 1201 997 60.6 11675 68864
1178 1190 1026 60.6 12628 70252
907 1048 940 60.6 8199 67720
1762 1405 1179 60.6 7021 88242
272 272 638 60.4 58509 -7066
633 633 694 60.4 0 55920
510 572 690 60.4 11856 43753
587 580 624 60.4 6006 44295
487 533 473 60.4 10707 27419
1050 792 651 60.4 4437 48021
998 895 729 60.4 12549 46158
762 829 709 60.4 7709 49381
493 661 635 60.4 4883 46318
634 647 655 60.4 7321 45451
703 675 671 60.4 7313 46767
488 581 595 60.4 9553 38422
652 617 579 60.4 5674 40993
666 641 596 78.9 14215 48401
789 715 633 81.9 22483 46632
684 699 625 82.3 12858 55717
900 800 687 82.8 11608 64276
865 833 728 83.9 13061 68385
1565 1199 943 83.9 17476 87991
788 788 774 83.5 15900 70293
964 876 801 83.5 6007 83111
442 659 730 82.8 50823 29775
575 575 664 82.4 7628 65337
1459 1017 839 82.4 8589 83604
1454 1235 1000 82.4 21758 88027
708 708 709 82.0 18684 58820
842 775 729 82.0 11393 68222
1445 1110 991 82.0 19157 89185
2441 1775 1369 82.0 34480 115160
913 913 914 77.9 21509 73431
1910 1412 1158 82.0 15055 111538
1730 1571 1411 82.0 16691 137472
1455 1513 1397 82.0 21052 131601
1347 1430 1305 82.0 30326 112239
1061 1061 1177 81.1 9325 117966
1382 1222 1231 81.1 22618 110520
954 954 1071 78.6 22638 89585
1045 999 1011 78.6 21798 84122
748 748 842 77.1 4353 82210
1078 913 889 77.1 6838 84510
1104 1009 923 77.1 9317 85593
738 738 769 77.1 14293 64740
816 777 749 77.1 9946 67106
836 806 794 77.1 7311 74281
844 825 787 77.1 12387 68506
956 890 796 77.1 6952 74837
914 902 820 77.1 13059 71207
916 909 834 77.1 16541 69180
529 529 641 73.7 18396 44614
555 555 620 73.7 5976 54923
465 510 587 73.7 19732 37963
942 726 652 73.7 5402 58609
1311 1018 787 73.7 8958 68382
777 898 763 73.7 8711 66218
1014 956 812 73.7 9203 70542
1061 1008 909 77.1 11242 82211
761 761 807 77.1 16927 66044
1076 919 856 77.1 9554 78429
829 874 856 77.1 22641 65383
854 864 828 79.7 15085 72854
677 677 710 79.7 10777 64713
710 694 712 79.7 14466 61172
546 546 620 77.4 18374 45617
527 537 573 77.4 8772 50386
1087 812 693 77.4 10527 60993
735 774 690 77.4 39377 31769
1352 1063 831 79.6 3726 84457
871 967 846 79.6 23475 66320
774 870 824 81.6 7100 82575
971 921 867 81.6 11714 82606
694 694 773 80.1 21312 61247
719 719 736 81.6 12845 67300
669 669 698 81.6 13563 62374
546 546 605 79.9 11171 53246
241 241 395 78.0 32303 8809
275 275 369 76.0 20893 16503
275 275 341 74.0 35144 16503
565 420 369 74.0 1058 35363
887 653 478 76.5 6436 42341
448 551 460 76.5 10879 36031
851 701 554 76.5 7123 49419
522 612 567 76.5 14561 43297
521 566 555 76.5 12641 43971
770 668 606 76.5 7533 54307
610 639 611 76.5 9370 52921
499 499 518 76.5 13657 39115
389 389 445 75.2 7007 37624
921 655 583 75.2 10681 47699
498 576 548 75.2 13478 41437
1403 990 742 75.2 8226 66085
864 927 773 75.2 17301 60197
593 760 714 75.2 15048 56454
574 574 627 75.2 12246 50564
553 564 640 75.2 11452 52710
442 442 538 74.0 9840 43221
506 474 497 74.0 8362 40605
1775 1124 828 74.0 22421 59266
776 950 798 74.0 13649 65038
575 575 578 71.8 21824 33486
825 700 677 71.8 8473 56323
550 550 663 71.8 7444 56095
757 653 640 71.8 8627 52704
855 754 666 71.8 12042 51745
786 770 691 71.8 4372 61783
1041 906 762 74.2 8612 66815
1434 1170 952 75.2 19983 75384
596 883 845 80.0 33573 56500
0 442 592 74.9 83409 -24239
882 662 702 74.9 11967 58135
753 707 740 74.9 12004 61910
311 311 444 71.8 24825 17658
424 424 429 71.8 3461 37622
783 604 559 71.8 6140 47360
645 624 557 71.8 10197 43097
391 391 399 70.1 10651 26630
658 525 483 70.1 3304 41805
992 758 642 70.1 14539 45488
426 426 466 68.8 13113 29681
682 554 496 68.8 5516 39977
460 507 513 68.8 6903 40190
582 544 527 68.8 13675 34637
764 654 561 68.8 3790 47682
744 699 611 68.8 8897 47173
1043 871 715 68.8 3056 62514
706 789 708 69.8 13823 52091
581 685 669 69.8 10750 51492
698 692 682 69.8 9970 53545
567 567 622 69.8 6659 51284
894 731 677 69.8 13465 49541
905 818 725 69.8 14480 53047
617 718 674 69.8 17297 45449
261 261 416 64.9 28478 7534
774 517 534 64.9 0 46197
729 623 600 64.9 8537 43377
598 611 551 64.9 5809 41862
1011 811 635 64.9 5259 49674
3888 2350 1576 64.9 11227 125090
758 758 883 64.5 50062 25818
1577 1167 1007 64.5 4162 82394
1666 1417 1303 64.5 21052 90925
864 864 1104 66.3 11939 85597
835 835 866 66.3 16123 60440
748 791 869 66.3 11780 65000
693 742 812 66.3 18087 53721
737 739 730 66.3 20349 44199
772 756 727 66.3 6748 57515
981 868 779 66.3 8150 60699
1199 1033 876 74.7 8690 78614
760 896 835 74.7 29570 53555
634 634 703 74.7 9920 60149
709 672 710 74.7 8767 61908
1447 1059 908 74.7 10704 79699
618 618 681 67.9 12794 48840
657 637 641 67.9 13631 44388
685 661 661 67.9 5649 54199
1114 888 790 67.9 7812 63716
1412 1150 908 67.9 12341 69885
650 650 697 67.9 12439 50689
475 475 591 67.9 8209 45264
644 560 628 67.9 7567 49250
653 606 632 67.9 10853 46362
776 691 610 68.2 7931 47497
790 741 636 68.2 7609 50226
475 475 523 68.2 5092 42445
1019 747 654 68.2 6212 53226
1119 933 779 68.2 7699 63092
847 890 781 68.2 10819 60187
1250 1070 881 71.2 11334 72332
1048 1059 946 71.2 9797 80049
1277 1168 1038 71.2 8467 90141
1195 1182 1070 74.3 17591 88404
1031 1106 1063 74.3 16211 89004
1021 1063 1041 74.3 18257 84818
903 903 958 74.3 15982 78903
696 696 818 72.5 11915 67132
904 800 822 72.5 9479 69981
936 868 833 72.5 11731 68833
958 913 835 72.5 9629 71076
1008 961 856 72.5 10626 72090
1031 996 904 72.5 14734 72641
1368 1182 1026 72.5 16740 82414
733 958 940 72.5 28109 62791
964 961 940 74.4 9078 84137
858 910 916 74.4 11470 79393
870 890 902 74.4 10124 79295
888 889 867 74.4 11786 74171
930 909 872 74.4 7929 78525
935 922 873 85.6 11685 87888
1150 1036 935 92.7 18149 97450
621 621 729 85.6 37389 45723
951 786 781 85.6 6378 82658
875 831 802 85.6 20430 71095
640 640 694 79.2 14419 58876
588 588 611 84.2 9655 58909
656 622 631 84.2 8633 62253
475 475 540 79.3 16920 40150
566 521 521 79.3 4746 50339
527 524 513 79.3 10366 43841
440 482 485 79.3 17762 33519
306 306 372 75.0 4933 32255
381 343 373 75.0 8324 29013
718 531 460 75.0 7501 38490
2009 1270 862 75.0 7518 78667
375 375 466 72.0 32988 11717
506 440 479 74.4 2252 45206
707 574 577 74.4 7511 49745
563 569 601 74.4 8600 50993
682 625 537 74.4 7697 45542
737 681 594 74.4 38685 20224
700 691 627 74.4 25587 36580
359 525 550 74.4 7263 47241
273 273 409 66.1 14782 21271
431 352 415 66.1 2271 34314
364 358 391 66.1 7444 27022
758 558 460 66.1 2884 37649
577 567 465 66.1 5667 35314
742 654 540 66.1 10167 37439
474 564 523 66.1 7637 38494
519 542 534 66.1 8174 38899
533 538 531 74.0 5197 47244
403 403 459 74.0 15084 30246
650 527 495 74.0 5391 43520
752 639 556 74.0 9216 45624
481 560 524 74.0 13561 38141
798 679 582 74.0 5968 51519
464 572 559 74.5 12603 42933
361 361 450 64.4 9184 29484
306 306 388 64.4 21818 11532
320 313 373 64.4 2431 29557
630 471 420 67.6 3842 33995
985 728 544 67.6 6101 42953
572 650 540 67.6 10146 38484
237 237 347 63.1 20999 8158
366 302 372 67.6 0 33541
292 297 368 67.6 6324 26848
438 368 361 67.6 4169 28399
1440 904 609 67.6 15751 39102
248 248 334 63.1 23587 4515
252 252 312 63.1 5530 20666
421 337 361 63.1 10915 19397
1406 871 664 63.1 2236 53628
417 644 525 67.6 29755 17589
341 341 391 64.9 3311 30469
386 363 415 64.9 6693 29216
475 419 470 64.9 6018 34664
399 399 407 64.9 15477 19694
909 654 507 64.9 1216 42609
680 667 549 64.9 7298 40217
541 604 544 64.9 7319 39695
627 616 567 64.9 13576 35427
521 568 573 64.9 8482 41054
781 675 621 64.9 8681 45004
304 304 424 63.0 18944 16666
261 261 365 60.4 1219 28179
465 363 389 60.4 7907 23385
175 175 274 48.5 6588 11119
265 220 232 48.5 0 15013
1277 749 507 48.5 2603 30203
183 183 264 44.9 9710 6118
141 162 215 44.9 0 12862
1049 605 454 44.9 2536 24695
261 433 425 44.9 5828 19659
438 436 372 48.5 4615 19464
504 470 414 48.5 3457 23335
427 449 449 48.5 4238 24804
1991 1220 835 48.5 2395 51670
435 828 714 48.5 14296 31898
381 381 509 53.0 4696 31244
488 435 523 53.0 4980 31949
482 459 567 53.0 7435 32581
471 465 482 53.0 9047 24979
937 701 555 53.0 3267 35905
521 611 542 53.0 5847 32415
288 288 387 52.7 8873 18343
268 278 362 52.7 2347 23134
586 432 437 52.7 6671 24036
226 226 300 51.6 3151 17479
2575 1401 866 51.6 4055 55468
281 281 406 48.5 27546 -1284
348 314 407 48.5 0 26327
438 376 414 48.5 4888 21923
1152 764 688 48.5 2372 42138
379 571 484 51.2 10988 22022
187 187 310 44.4 4795 13574
364 276 344 44.4 2770 17585
1206 741 592 50.5 1204 38695
290 515 468 50.5 11612 19916
385 450 409 50.5 2428 25140
584 517 477 53.0 2649 31082
336 427 472 53.0 5448 27931
214 214 321 51.2 6900 15032
333 273 318 51.2 1680 20049
703 488 415 51.2 2444 25870
394 441 385 51.2 4277 21981
766 603 460 51.2 2819 28601
740 672 540 51.2 8934 27904
377 524 511 51.2 3764 31095
613 569 534 51.2 3805 32675
295 295 414 51.2 7047 21196
542 418 446 51.2 4633 25782
859 638 531 51.2 3199 33065
392 515 481 51.2 10072 22763
950 733 575 51.2 3560 35702
1876 1304 924 51.2 5972 57098
565 935 833 51.2 11482 45350
532 734 749 51.2 5495 45615
566 650 736 54.1 6162 46939
583 616 730 54.1 6411 46301
692 654 667 75.2 6401 60539
499 499 551 72.8 17191 36290
561 530 540 72.8 7765 44610
824 677 604 72.8 9037 49562
595 636 591 72.8 8900 48437
624 630 580 82.9 8032 56005
806 718 640 82.9 10473 60216
717 717 664 82.9 9883 63503
463 463 535 74.2 9264 43633
596 530 550 74.2 8272 46156
347 347 449 69.1 7246 34152
901 624 555 69.1 7617 43458
381 381 414 69.6 9735 28671
460 421 424 69.6 4940 34467
411 416 407 69.6 7114 30663
632 524 478 69.6 5174 39243
651 587 494 69.6 8958 36899
671 629 538 69.6 2658 47254
567 598 542 69.6 10215 40136
725 662 597 69.6 9255 46173
891 777 674 74.2 12239 54414
600 688 649 74.2 10217 53989
673 681 649 74.2 15424 48756
561 621 629 74.2 9618 52587
385 385 505 69.6 16383 30528
221 221 375 68.2 17495 16635
448 334 387 68.2 1388 33831
228 281 324 68.2 14294 15196
231 231 255 68.2 4096 19135
281 256 248 68.2 4020 18498
393 325 291 68.2 4155 22301
801 563 413 68.2 1956 35580
411 487 401 68.2 6118 30396
574 530 449 68.2 4495 36303
583 557 493 68.2 7213 37639
917 737 618 68.2 5124 51079
418 418 468 67.2 11153 30791
444 431 465 67.2 5806 35895
876 653 574 67.2 3392 48089
629 641 584 67.2 5514 46867
940 790 642 68.7 19448 39331
1515 1153 872 68.7 5322 74529
912 1032 891 71.0 11310 73063
603 603 700 67.7 9008 54103
982 792 798 67.7 7863 64151
696 744 787 67.7 12924 58053
538 538 632 67.7 11304 45737
654 596 599 67.7 8045 46011
556 576 594 67.7 8250 45367
577 577 571 67.7 8995 42564
972 774 653 67.7 2847 56031
844 809 698 67.7 8677 54276
699 754 689 67.7 9573 52629
864 809 736 67.7 4868 61512
753 781 751 68.3 9291 59095
950 865 797 71.1 8915 66578
1390 1127 940 71.1 9218 79849
686 907 864 71.1 22423 59472
1196 1051 948 89.7 9748 103635
687 687 786 72.1 25251 50321
643 665 762 72.1 11567 61617
725 695 725 72.1 15796 53838
571 571 643 72.1 9263 52540
833 702 652 72.1 8201 54474
1295 998 811 72.1 10053 67872
680 839 764 72.1 23441 49959
637 637 665 78.1 10582 58731
606 606 658 78.1 4484 64022
509 509 607 76.9 10879 51356
777 643 624 76.9 11788 52172
1074 858 713 76.9 7735 65361
881 869 741 76.9 24935 51108
475 475 555 72.1 10902 42442
1539 1007 834 76.9 7074 78435
470 470 601 72.1 28863 28853
704 587 617 72.1 3795 55544
603 595 581 76.9 10911 48708
484 484 555 76.9 9659 47226
537 511 497 76.9 8717 42231
450 480 489 76.9 8953 41210
674 577 529 76.9 19383 34914
649 613 544 76.9 4072 51705
862 737 623 76.9 10965 52942
718 727 641 76.9 13347 52357
445 445 520 72.2 11176 38849
373 373 467 71.6 9718 34828
503 438 481 71.6 4533 41367
397 418 442 71.6 12925 29257
499 458 423 71.6 2631 37736
893 675 536 71.6 6283 44871
366 366 408 69.3 11679 26058
825 595 516 69.3 4498 43213
828 711 598 69.3 11910 43382
201 201 367 67.8 27814 5415
251 251 328 67.8 0 29699
1643 947 687 67.8 4136 58014
616 782 647 67.8 8423 50094
560 671 582 67.8 10000 42632
624 647 613 67.8 44787 10672
624 635 670 67.8 54688 10672
512 574 601 67.8 0 54338
317 317 442 63.4 20316 17000
304 304 397 67.0 2946 32554
677 491 459 67.0 8603 32442
1469 980 702 68.3 3381 60546
935 957 726 68.3 11168 54937
859 908 765 68.3 13025 56626
1116 1012 884 68.3 16243 64269
3297 2155 1564 68.3 11717 130683
801 801 973 66.7 44786 41754
1848 1325 1217 66.7 3650 104532
1210 1267 1235 66.7 30090 79662
907 907 1109 66.7 11818 86733
954 930 950 66.7 14192 70271
906 918 965 66.7 11041 74714
988 953 942 66.7 8587 75203
822 887 870 66.7 18491 58822
1189 1038 946 66.7 6776 77283
843 941 908 66.7 9678 71009
899 920 900 66.7 17564 62463
736 828 846 66.7 13695 61562
527 527 686 61.3 13025 43074
385 385 552 55.8 5733 35356
1711 1048 834 61.7 5460 63084
643 846 751 61.7 9519 52249
927 887 773 61.7 7751 55787
590 738 724 61.7 10238 49309
572 655 731 61.7 7223 52872
432 432 568 58.8 5537 39037
610 521 569 58.8 6962 37702
826 674 608 58.8 6483 41210
612 643 589 62.0 6902 41726
527 585 553 62.0 4230 41462
940 762 660 62.0 12405 42099
831 797 708 62.0 7634 50844
981 889 770 62.0 7344 56286
507 507 597 62.0 9721 39633
1379 943 812 62.0 14426 52641
1029 986 857 62.0 9002 61785
706 846 813 65.5 16317 54653
565 565 652 65.5 9376 47546
597 581 668 65.5 10955 47414
779 680 682 65.5 7236 52295
732 706 664 65.5 12682 45302
1011 858 724 65.5 8705 54530
632 745 698 65.5 31701 29272
1908 1326 1016 65.5 4459 84304
568 568 702 62.0 31487 26552
1306 937 868 62.0 3258 68433
619 778 796 62.0 13268 52485
296 296 567 58.8 22875 21635
613 454 511 58.8 3838 36280
4319 2387 1494 65.2 6419 123378
984 984 950 65.2 17054 65492
783 883 933 65.2 11432 69644
552 552 813 59.1 23347 40802
700 626 877 59.1 5914 63231
669 647 673 59.1 12464 40575
1078 863 743 65.2 8578 55995
489 489 555 65.2 9408 38782
492 491 545 65.2 5484 41910
438 464 516 65.2 9687 35197
719 591 561 65.2 6628 42108
490 541 504 65.2 6444 37377
759 650 564 65.2 5291 43715
2179 1414 964 65.2 12752 71067
328 328 540 58.8 36713 5660
394 394 533 58.8 0 41805
417 406 519 58.8 10344 30364
1942 1174 874 58.8 9849 58681
583 879 704 58.8 10506 44681
383 383 516 55.7 10102 28223
361 372 515 55.7 6404 31870
464 418 538 55.7 4442 35524
714 566 519 55.7 7121 31446
733 650 522 55.7 4375 34395
588 619 537 55.7 4449 35431
940 779 645 58.7 4000 46454
573 676 638 58.7 12362 37531
638 657 640 58.7 12152 37903
585 621 625 65.2 10084 44213
361 361 497 59.0 11087 28006
2164 1262 890 59.0 3034 66974
331 797 735 59.0 41091 16743
408 408 552 57.6 6498 35856
495 452 553 57.6 7390 35089
409 430 560 57.6 6388 36568
572 501 492 57.6 7633 30137
772 637 521 57.6 3562 36474
688 662 561 57.6 4878 38161
405 534 521 57.6 10537 29487
1125 829 679 57.6 2378 49767
682 756 683 57.6 14588 37881
454 605 621 57.6 4962 42739
748 677 650 57.6 4910 45009
826 752 706 57.6 5052 49180
529 640 641 70.7 9914 50525
784 712 662 70.7 10507 51874
791 752 695 70.7 7456 58067
459 459 560 65.2 9499 39180
739 599 594 65.2 3194 48421
468 533 559 71.5 6466 46822
653 593 566 76.6 6173 51637
978 785 641 76.6 15562 49856
548 667 621 76.6 8941 54491
503 503 548 76.6 31045 24884
503 503 546 76.6 54730 24884
503 503 537 76.6 79295 24884
503 503 503 76.6 104718 24884
4614 2559 1491 76.6 4101 148096
1038 1799 1360 76.6 57567 81250
693 693 947 76.6 32088 64609
1020 856 1076 76.6 12254 97576
789 789 1111 72.7 21202 86442
773 773 879 73.0 9345 76249
833 803 757 73.0 14885 58772
788 796 768 73.0 9005 65755
652 724 724 73.0 12055 58446
1328 1026 869 73.0 11601 73002
803 914 837 73.0 16175 65331
683 683 738 73.0 11267 60577
1178 931 850 73.0 12429 70347
770 850 833 73.0 21021 60112
548 548 664 69.2 14493 46760
476 512 604 69.2 11518 44219
432 432 547 69.2 7047 43371
570 501 525 69.2 7455 40987
600 551 504 69.2 8830 37636
1130 840 649 69.2 7980 51856
1007 924 722 71.2 8719 59865
195 195 414 69.2 44191 -6041
875 535 563 69.2 0 51958
640 588 580 69.2 8768 44740
553 570 549 69.2 9244 41370
399 399 410 69.2 6250 31562
575 487 486 69.2 7110 37678
880 683 576 69.2 8459 44680
368 368 427 65.6 9702 27595
1521 944 695 65.6 4698 56072
470 470 510 65.6 9122 35504
645 557 568 65.6 4613 45052
843 700 612 67.4 7372 47635
546 623 622 67.4 9709 46224
820 722 628 67.4 6129 50344
777 749 670 67.4 8920 51265
492 492 567 67.4 11557 39445
602 547 573 67.4 7166 44364
414 481 530 67.4 8900 38744
833 657 593 67.4 8134 45174
450 554 523 67.4 12508 34516
306 306 412 65.6 5788 30199
1311 808 634 65.6 4957 50452
475 642 583 65.6 7879 43045
1047 845 688 67.2 7488 54149
530 687 632 67.2 14315 42305
386 386 541 63.5 8143 37670
518 452 524 63.5 7306 37056
1380 916 733 63.5 5939 56185
499 499 527 63.5 9724 34884
520 510 515 63.5 6081 37575
518 514 527 67.2 9370 37819
1067 790 681 67.2 5615 55385
430 610 565 67.2 16401 34268
2736 1673 1108 67.2 4120 95150
669 669 735 63.5 22132 40131
415 542 712 63.5 9807 50523
834 688 743 63.5 10873 52095
701 695 775 66.9 7222 62000
598 598 597 66.9 12174 41146
865 731 653 67.4 8476 50190
649 690 655 67.4 13299 45551
471 580 604 67.4 28085 26135
471 525 563 67.4 52219 26135
471 498 543 67.4 79608 26135
785 641 586 67.4 5182 47412
396 519 516 67.4 16432 29949
468 494 499 67.4 3032 41758
755 624 557 67.4 8415 41645
512 568 545 67.4 11881 37109
635 602 553 67.4 4888 44789
821 711 615 73.1 8292 51643
595 653 613 73.1 15633 44120
686 669 625 73.1 9388 51528
335 335 473 67.4 13859 28586
565 450 504 67.4 6828 38434
690 570 528 73.1 11149 40302
569 570 518 73.1 7196 43357
573 571 503 73.1 9049 39965
1347 959 721 76.8 9210 64618
903 931 764 76.8 12462 65766
1102 1017 852 76.8 5250 81938
708 708 750 76.8 11659 65050
425 425 636 72.4 25249 36163
344 344 535 60.0 17171 25600
608 476 533 72.0 4449 46766
388 388 422 71.2 9517 30531
587 488 432 71.2 6437 34546
912 700 540 71.2 5397 45872
424 424 446 71.2 8967 33354
1327 875 664 71.2 2525 60540
478 677 617 71.2 16374 42226
746 711 666 71.2 7592 55598
1181 946 774 71.2 31708 41775
483 483 614 61.8 7367 43236
943 713 684 61.8 5005 51362
842 778 713 61.8 14306 44455
409 409 549 57.3 8905 33042
952 681 613 57.3 6272 40592
391 536 563 57.3 26308 16704
3375 1955 1243 57.3 2523 92428
681 1318 1051 57.3 25115 55188
332 332 690 56.4 37581 14292
451 392 677 56.4 1345 49572
306 306 650 56.4 19213 29667
332 332 461 53.7 12103 20908
814 573 440 53.7 2373 29144
609 591 475 53.7 4913 29146
2831 1711 1054 53.7 5172 70321
877 1294 992 53.7 15821 55253
905 1100 1023 53.7 9364 63927
569 834 936 53.7 26524 40550
600 717 943 53.7 10004 57580
632 675 799 53.7 16836 40394
465 570 674 56.2 10936 39578
496 533 591 56.2 5562 38735
842 687 632 56.2 5286 42102
563 625 596 56.2 4779 39895
898 762 658 56.2 7756 41573
747 754 671 56.2 8272 42046
794 774 712 56.2 6792 46558
645 709 685 56.2 8671 42692
513 611 650 56.2 4466 44243
1677 1144 901 56.2 18670 48900
441 441 588 50.8 8350 31504
1223 832 753 50.8 3264 47742
593 713 693 50.8 6774 40160
492 602 676 50.8 5468 40301
493 547 563 50.8 5431 32693
1120 834 730 50.8 19196 30219
2550 1692 1157 50.8 4235 74112
705 1198 1011 50.8 13550 54919
513 513 734 51.0 7032 42875
529 521 741 51.0 7988 42378
353 353 649 51.0 11795 32307
262 262 445 50.5 12427 17572
247 247 313 50.5 5511 15613
812 529 429 50.5 2256 26676
627 578 448 50.5 4860 25357
514 546 455 50.5 4000 26692
467 507 463 50.5 2677 28557
1054 780 639 50.5 4228 38808
981 880 716 50.5 4947 43316
416 416 513 50.5 6101 28488
3420 1918 1255 50.5 3205 81368
616 616 763 49.1 14172 35742
1662 1139 1010 49.1 3677 62424
2122 1631 1238 49.1 16034 64973
647 647 983 49.1 9020 55321
662 654 788 49.1 9398 42156
535 595 748 49.1 16195 32723
497 546 708 49.1 5336 40973
593 569 563 49.1 7813 29057
736 653 597 49.1 4868 34195
1818 1236 884 50.6 5862 53721
620 928 803 50.6 10545 43624
491 709 747 50.6 10904 39452
654 682 729 50.6 4561 44558
653 667 749 50.6 9153 41379
1281 974 833 50.6 5988 50196
601 787 740 50.6 9213 40655
592 689 705 50.6 4419 43108
985 837 766 52.0 9222 43816
798 818 789 52.0 11028 43663
730 774 750 55.1 11854 43223
1040 907 806 57.8 7445 54613
645 776 770 65.7 12053 55438
484 484 622 62.3 16280 35422
875 679 674 62.3 8515 47453
1030 855 753 62.3 10624 51909
989 922 788 62.3 7512 57927
1717 1319 988 62.3 38320 43718
373 373 617 57.5 9404 37902
614 494 654 61.7 5103 48721
963 728 702 61.7 20384 37415
594 661 695 66.2 7044 54273
1468 1064 783 66.2 19576 49512
768 916 783 66.2 12909 56163
533 533 661 67.9 12978 46928
802 667 687 72.5 10351 56031
356 356 549 67.6 16574 32908
1642 999 796 67.6 6386 65326
1023 1011 783 67.6 19329 51248
707 859 790 67.6 11469 59731
542 542 620 67.6 10988 44841
572 557 675 67.6 9815 50987
480 518 607 67.6 18563 36144
624 571 583 67.6 9025 43469
1058 815 655 67.6 6568 52397
472 472 519 67.6 7511 39273
674 573 560 67.6 5429 45016
647 610 573 67.6 13763 37834
973 792 691 67.6 4795 57437
2106 1449 993 67.6 32739 56692
631 631 704 63.5 9766 49836
698 664 734 63.5 12757 49345
606 635 698 63.5 14245 44837
353 494 675 67.6 26667 34175
195 195 379 62.4 29812 1685
636 415 439 62.4 0 36535
5253 2834 1600 62.4 5033 128077
542 542 725 50.4 68636 -19890
926 734 852 62.4 0 70867
798 766 813 62.4 19801 47848
937 852 1088 62.4 5468 85035
577 714 681 62.4 70210 -13534
603 659 684 62.4 0 56862
1381 1020 840 62.4 10228 59645
851 936 836 62.4 10268 59286
1100 1018 887 62.4 8654 65153
766 892 850 65.4 24324 49850
692 692 802 65.4 10401 59537
798 745 780 65.4 10864 57233
866 806 790 65.4 15375 53555
579 579 661 65.4 9618 48059
506 542 599 65.4 6962 45338
725 634 621 65.4 4878 49303
594 614 607 65.4 16163 36780
508 561 554 65.4 4155 44172
960 760 641 65.4 5912 49979
568 664 624 65.4 12461 41977
865 764 679 65.4 30912 28309
869 817 711 65.4 7535 54527
1805 1311 985 65.4 7701 78213
792 1051 922 70.3 19295 67055
831 941 926 70.3 14474 72296
458 458 704 64.0 32879 27220
1788 1123 998 64.0 2071 83095
1015 1069 937 72.5 17130 73457
835 952 902 72.5 15135 72109
912 932 859 72.5 8988 74070
700 700 830 80.6 13775 75381
646 646 756 77.4 15511 62453
741 693 721 77.4 5061 69337
704 699 698 77.4 9378 62618
705 702 666 81.0 11761 60128
638 670 648 81.0 13827 56149
761 716 674 81.0 7559 65218
456 456 555 77.4 23672 33547
671 564 578 77.4 3993 55656
624 594 570 77.4 10845 47965
606 600 574 77.4 8980 50246
508 554 527 77.4 7152 47218
365 365 454 72.9 8931 35169
748 557 520 77.0 3724 49669
516 536 505 77.0 7839 43978
569 552 511 77.0 8394 44050
485 519 483 77.0 17247 32294
485 502 501 77.0 50818 32294
485 493 489 77.0 81553 32294
485 489 483 77.0 111997 32294