0 0 0 0.0 3127 -3127
0 0 0 0.0 0 -3127
0 0 0 0.0 0 0
1608 804 804 0.0 0 0
0 402 402 5.0 0 2679
0 201 201 10.0 0 2679
0 100 100 15.0 0 2009
730 415 415 20.0 0 11075
2504 1459 1459 25.0 1685 46962
1242 1351 1351 30.0 6350 47676
2094 1722 1722 35.0 5373 75005
2193 1958 1958 40.0 53963 50448
1301 1630 1630 45.0 21899 75872
789 789 789 48.4 30915 20007
1278 1033 1033 48.6 4493 62418
162 598 495 48.7 44488 -12312
13 13 0 16.3 42881 -42881
12 12 0 16.3 41439 -41439
12 12 0 16.3 41439 -41439
7 7 0 16.3 40447 -40447
9 9 8 16.3 39214 -39037
16 16 14 20.9 37106 -36719
12 12 10 25.5 33824 -33488
8 8 7 30.1 32806 -32524
8 8 6 34.7 32806 -32524
8 8 6 39.2 32806 -32524
0 4 3 43.8 0 154
493 248 240 48.4 0 15479
644 446 413 48.6 8419 18315
865 655 642 48.7 12265 29468
201 428 380 48.9 22868 1907
0 214 180 49.0 17520 -5757
5 5 0 25.6 16453 -16453
5 5 0 25.6 16453 -16453
5 5 0 25.6 16453 -16453
70 70 69 25.6 0 2338
70 70 61 30.2 2017 2338
793 431 429 34.7 2194 17676
0 216 169 39.3 17596 -8723
0 108 118 43.8 17596 -10691
262 185 133 49.8 0 8851
216 201 158 49.8 5286 5198
216 209 188 49.8 10320 5198
216 213 183 50.0 14585 5198
216 214 183 50.0 19906 5198
216 215 184 50.0 25072 5198
8 8 0 44.0 20481 -20481
8 8 1 44.0 20481 -20481
8 8 0 44.0 20481 -20481
8 8 6 44.0 20481 -20481
8 8 7 44.0 0 -20481
8 8 7 44.0 2438 -20481
0 4 3 45.7 22919 -22736
0 2 1 45.7 22919 -22736
63 63 61 45.7 7930 -4220
204 134 124 55.7 0 9226
0 67 58 53.4 4928 -790
0 33 32 53.4 0 2253
575 304 284 53.4 0 20217
3615 1960 2073 53.4 3479 144177
567 1263 1033 53.4 86527 -12923
384 384 509 48.9 46276 -13108
423 423 493 48.9 40192 -8034
423 423 212 48.9 40192 -8034
0 211 107 48.9 0 6979
612 412 393 48.9 0 25624
1637 1024 882 48.9 3873 53654
772 898 655 53.4 7888 38783
1867 1383 1320 53.4 9351 84701
2307 1845 1586 53.4 37983 75021
369 369 136 52.1 77342 -67874
52 52 330 37.9 64111 -47393
51 51 0 35.7 56448 -56448
318 318 375 35.7 15533 2362
274 296 216 35.7 0 10296
1286 791 742 35.7 1152 34203
645 718 486 35.7 5285 17868
3076 1897 1769 35.7 1316 82984
462 462 296 25.8 36571 -26354
1074 768 668 36.0 0 32078
2537 1652 1176 36.0 1814 54677
402 402 445 33.4 12077 7716
402 402 605 33.4 0 26918
1273 837 414 33.4 2202 16226
8364 4601 3623 33.4 1021 160220
1383 2992 2049 33.4 26140 65060
1699 2345 2036 33.4 7716 82864
1304 1825 2539 33.4 9023 103969
1324 1574 1550 33.4 14945 54011
1389 1482 1387 33.4 8069 53657
1680 1581 1409 33.4 15996 46721
1637 1609 1407 33.4 6490 56141
1972 1790 1548 33.4 7016 61851
1217 1504 1351 33.4 8106 51999
2034 1769 1572 33.4 4989 64970
1508 1638 1496 33.4 8847 57703
1982 1810 1598 33.4 4775 66337
1969 1890 1703 33.4 7412 68362
1636 1763 1599 33.4 7760 63389
1614 1689 1577 33.4 43074 27103
605 1147 1174 33.4 34606 17657
251 251 460 33.4 2205 18258
3929 2090 1809 33.4 1110 79393
619 619 721 34.2 17086 15777
872 745 652 34.2 2169 27539
4645 2695 1921 34.2 4065 83520
1665 2180 1709 34.2 13318 64581
1254 1717 1644 34.2 3839 71083
1953 1835 1721 59.2 12279 123645
1487 1661 1619 59.2 19418 108408
1534 1597 1552 59.2 14302 108252
2020 1809 1645 71.6 41935 115182
1743 1776 1619 71.6 85417 69215
1561 1669 1573 71.6 108493 41790
1283 1476 1440 71.6 120416 17117
718 718 915 60.8 82540 -8362
753 735 884 60.8 35077 36590
753 744 747 60.8 69393 36590
753 749 725 70.4 104699 36590
753 751 684 70.4 140869 36590
11 11 192 48.3 141592 -129260
0 5 188 32.9 141592 -133342
0 3 61 19.5 141592 -133342
0 1 44 2.7 141592 -141433
0 1 2 2.1 0 4
0 0 1 2.1 2241 4
0 0 0 2.1 2241 4
16 16 11 2.1 126854 -126822
1401 709 474 2.1 0 1325
1609 1159 785 2.1 0 2195
1579 1369 1052 2.1 0 2942
0 684 658 2.1 0 1840
796 740 782 2.1 0 2186
0 370 447 2.1 0 1249
704 537 568 2.1 0 1589
1403 970 772 2.1 0 2160
0 485 462 2.1 0 1293
820 652 624 2.1 0 1745
695 674 579 2.1 0 1620
179 426 460 2.1 0 1285
594 510 490 2.1 0 1371
893 702 593 2.1 0 1658
998 850 706 2.1 0 1975
947 898 754 2.1 0 2110
795 847 751 2.1 0 2099
0 423 483 2.1 0 1349
1006 715 685 2.1 0 1917
0 357 378 2.1 0 1056
1744 1050 881 2.1 0 2465
1067 1059 815 2.1 0 2278
0 529 578 2.7 0 2071
0 265 380 19.1 0 9677
3059 1662 1290 21.0 0 36146
2335 1998 1464 43.3 3872 80733
1833 1916 1593 47.2 8397 91856
1528 1722 1542 51.6 11976 94239
1995 1859 1734 56.0 10114 119263
1584 1721 1622 56.0 23983 97070
487 487 749 51.6 64387 -12824
569 569 795 51.6 0 54717
1465 1017 919 51.6 17074 46227
1465 1241 1038 51.6 61640 46227
1465 1353 1123 51.6 105381 46227
8 8 225 51.5 76904 -61432
8 8 315 44.2 76904 -61432
20 20 141 27.6 67446 -62263
458 458 409 27.6 13183 1886
458 458 311 27.6 13183 1886
0 229 211 27.6 0 7762
421 325 303 27.6 0 11181
253 289 273 27.6 1409 8652
290 290 278 27.6 8934 1320
210 250 234 27.6 4387 4250
0 125 153 27.6 4897 742
0 62 105 27.6 4897 -1025
0 31 66 27.4 0 2423
367 199 169 27.4 0 6163
859 529 380 27.4 0 13883
536 533 390 27.4 1192 13067
976 754 596 27.4 1006 20781
938 846 680 27.4 7606 17244
1099 972 820 27.4 2188 27765
718 845 748 27.4 3817 23516
1490 1168 1016 27.4 3104 34013
760 964 857 27.4 4711 26607
912 938 890 27.4 20746 11795
1149 1043 944 27.4 6237 28257
347 695 703 27.4 9777 15910
1803 1249 1104 27.4 0 40331
1340 1294 1079 27.4 5870 33578
2777 2036 1678 27.4 3590 57723
1528 1782 1495 27.4 6195 48428
1497 1639 1533 27.4 7375 48628
1364 1502 1439 39.7 7237 69003
1668 1585 1521 52.1 9190 96442
1200 1392 1342 71.6 15637 112419
1391 1392 1339 71.6 14009 113842
1429 1410 1325 71.6 15249 111206
1103 1257 1211 71.6 17571 98041
1846 1551 1416 71.6 10370 124766
1579 1565 1405 71.6 16400 117711
1293 1429 1340 71.6 10948 116951
1240 1334 1279 71.6 11236 110874
1318 1326 1278 89.7 14245 138643
1465 1395 1311 94.5 27328 137935
1421 1421 1315 94.9 18660 147710
1360 1360 1274 94.9 25813 135397
1010 1010 1030 94.5 30318 99486
1116 1063 1071 94.5 17131 117819
1023 1023 996 94.5 16023 109466
1173 1098 1037 94.5 28532 102132
999 999 940 94.5 26867 91577
484 742 768 90.3 92017 460
22 22 243 79.3 88266 -62540
22 22 221 78.4 88266 -62540
0 11 105 67.2 61875 -52467
197 197 191 67.2 0 17078
2076 1136 817 71.9 1267 77080
713 925 669 71.9 9691 54531
1344 1134 946 71.9 7985 82741
1750 1442 1191 71.9 9588 104650
724 724 752 55.6 40119 15595
485 485 615 55.6 1226 44385
979 732 732 55.6 5681 48555
1694 1213 1054 55.6 3236 74928
1397 1305 1081 55.6 5107 75055
1039 1172 1030 55.6 5505 70874
803 987 943 55.6 5592 64311
1666 1327 1221 55.6 7928 82561
2065 1696 1466 55.6 10014 98649
1793 1745 1521 55.6 10412 102369
998 1371 1287 55.6 20516 74867
905 1138 1169 55.6 7664 78973
1030 1084 1119 55.6 11642 71349
1286 1185 1159 55.6 8364 77583
1773 1479 1331 55.6 8985 89701
925 1202 1111 55.6 11672 70664
1336 1269 1202 55.6 9942 79206
1637 1453 1321 55.6 35137 62793
1206 1329 1249 55.6 11140 81469
859 1094 1081 55.6 7617 72554
828 961 986 55.6 29864 43218
2088 1525 1388 55.6 9074 93790
1110 1317 1185 64.1 12972 88284
1004 1161 1122 85.3 17070 110519
1149 1155 1105 88.4 21185 109035
1469 1312 1240 88.4 13064 133032
1322 1317 1217 88.4 56137 87255
685 685 759 85.3 25942 60381
451 451 611 64.1 26389 25804
641 546 621 64.1 3733 49372
732 639 634 85.3 9336 62783
645 642 588 88.4 16880 52370
648 645 587 88.4 51486 17651
648 647 599 88.4 68413 17651
648 647 607 88.4 85530 17651
10391 5519 4208 88.4 1140 494584
787 787 1273 84.8 314064 -170216
760 760 1365 59.7 221991 -113369
510 510 1014 59.1 156408 -76505
859 859 1252 59.1 53161 45481
1008 934 790 59.1 4992 57250
753 843 752 59.1 10667 48558
425 425 528 56.5 13254 26555
801 613 618 56.5 13557 33004
1095 854 734 56.5 4834 50520
1387 1120 875 56.5 4271 61657
1532 1326 1017 56.5 5279 71391
1219 1273 1073 56.5 7501 73393
1468 1370 1187 56.5 9297 80181
1686 1528 1327 56.5 7678 92328
1153 1341 1262 56.5 10669 84433
1119 1230 1197 56.5 15080 75133
1413 1321 1245 56.5 7663 86167
1115 1218 1185 56.5 11315 78004
845 1032 1049 56.5 11702 67408
706 869 928 56.5 9701 60272
476 476 673 55.8 13532 36571
1074 775 758 56.0 2437 54176
1065 920 807 56.0 4505 55805
794 857 761 56.0 6488 50367
880 869 765 56.0 3887 53270
491 491 591 56.0 8844 35338
770 631 637 56.0 4178 43391
651 641 622 56.0 5321 41155
875 758 666 56.0 4587 45146
1225 991 787 56.0 6112 52715
1687 1339 1031 59.4 5488 76210
745 1042 934 63.4 14066 64854
935 989 933 73.5 9320 82098
654 654 769 69.5 13694 57629
341 341 557 63.4 26477 20624
348 348 467 61.8 7961 30546
1211 779 651 64.0 26174 29339
307 307 373 61.3 16418 14096
252 279 314 61.3 20637 5003
561 420 391 61.3 0 31990
1043 731 574 61.3 3715 43196
685 708 561 61.3 8548 37268
1428 1068 796 61.3 2730 62299
431 431 517 53.8 21421 15707
10718 5574 3263 53.8 1027 233212
813 3194 2727 53.8 170557 25201
270 270 1226 50.9 146440 -63288
362 362 1302 46.9 120500 -39148
362 362 1222 42.9 120500 -39148
362 362 600 29.6 120500 -39148
0 181 219 29.6 97969 -89311
103 103 173 29.6 45559 -38723
434 434 335 29.6 0 13226
912 673 463 29.6 1138 17155
1631 1152 762 29.6 2187 27928
5022 3087 1968 29.6 7777 70029
5022 4055 2839 29.6 72140 70029
0 2027 1873 29.6 126810 -52755
598 1313 1657 29.6 75265 -9770
554 554 1170 29.6 7213 39028
1121 837 1179 29.6 2671 43933
925 881 896 29.6 5829 29584
2141 1511 1197 29.6 2383 44931
1557 1534 1188 29.6 4104 42859
1412 1473 1239 29.6 5301 43694
1571 1522 1321 29.6 5660 46545
1554 1538 1388 29.6 4843 50034
1388 1463 1345 29.6 6621 46554
1522 1493 1361 29.6 5177 48629
1324 1408 1309 29.6 6538 45212
2090 1749 1519 29.6 6640 53393
1845 1797 1550 29.6 7671 53600
1760 1778 1569 29.6 8486 53557
1244 1511 1424 29.6 7726 48554
639 1075 1175 29.6 11532 34916
531 803 967 29.6 41083 -2872
1867 1335 1230 30.2 0 49452
1427 1381 1197 33.1 5503 47306
2415 1898 1509 45.6 17719 73967
1945 1922 1561 66.2 81733 56018
1945 1933 1673 69.9 136136 56018
729 1331 1338 71.3 48988 78146
1400 1365 1391 71.3 11203 120955
1620 1493 1423 71.3 22040 113161
1182 1337 1291 71.3 17699 104941
1463 1400 1280 71.3 15187 106448
1439 1420 1294 71.3 69324 53635
1188 1304 1229 71.4 39602 77439
787 1045 1054 74.4 32713 71821
846 846 916 75.4 8072 84107
888 867 893 79.1 13670 80582
682 682 730 79.2 9171 67990
1039 860 799 79.2 10866 73488
1199 1030 877 79.2 5468 87200
1487 1259 1032 79.2 6763 102228
1394 1326 1093 79.2 95414 20027
2602 1964 1549 79.2 2211 161386
741 1352 1226 79.2 91605 37855
1302 1327 1270 79.2 7666 126455
838 838 959 76.2 38300 59236
565 565 783 74.8 20445 57631
567 567 670 72.0 9612 54681
768 667 674 72.0 40800 23867
540 603 572 72.0 2052 52817
2847 1725 1258 72.0 25649 95082
1986 1856 1389 75.9 9825 130796
1242 1549 1300 75.9 21949 109703
1068 1068 1063 75.9 20568 87078
1445 1256 1259 75.9 17088 110400
1531 1394 1305 75.9 15408 116737
1376 1385 1257 75.9 12413 114852
1645 1515 1318 75.9 17339 116123
1366 1440 1304 75.9 16098 115875
1625 1533 1384 75.9 7515 132613
1741 1637 1457 75.9 19697 127793
1309 1473 1372 75.9 19450 119433
1531 1502 1393 75.9 27278 113727
1416 1459 1370 75.9 19186 119476
1895 1677 1509 75.9 18444 134346
1455 1566 1429 75.9 16382 128328
1485 1525 1418 75.9 16671 126881
1739 1632 1487 81.1 13489 147397
1550 1591 1476 81.1 15358 144294
2160 1875 1653 81.1 43719 135046
1365 1620 1501 81.1 20632 141720
1230 1230 1273 81.0 25933 111559
1100 1165 1212 81.0 8774 122056
1361 1263 1249 81.0 9746 125157
1076 1076 1075 81.0 27258 88816
822 822 871 81.4 31708 62789
566 694 764 81.7 28888 54388
512 512 618 81.7 5444 61891
896 704 687 81.7 9779 65080
1125 915 780 81.7 6514 78433
1145 1030 852 81.7 12323 80472
2139 1584 1224 81.7 17266 116155
1569 1577 1285 81.7 16284 123700
1686 1631 1396 81.7 15340 136769
1565 1598 1427 81.7 10623 144815
1657 1627 1503 81.7 9037 154726
1536 1582 1475 81.7 26707 134048
1646 1614 1500 81.7 14976 148506
1501 1557 1461 81.7 18798 140358
1593 1575 1473 81.7 12676 147816
1708 1642 1510 81.7 17186 147377
1597 1619 1500 81.7 21272 142130
1581 1600 1488 81.7 16626 145547
1466 1466 1406 81.7 14663 138489
1607 1536 1450 81.7 17705 140249
1571 1554 1449 81.7 14553 143369
1438 1496 1408 81.7 22407 130977
1488 1492 1397 81.7 30240 121951
1378 1435 1363 81.7 19973 128589
1482 1459 1374 81.7 19623 130112
1488 1474 1374 81.7 61426 88319
1689 1581 1443 85.5 7279 157201
1526 1526 1409 85.5 10511 150105
1584 1555 1438 85.5 15139 148871
1627 1591 1468 96.6 13695 175348
1613 1602 1486 102.3 19726 178394
1645 1645 1514 103.2 15840 186043
1532 1532 1450 103.2 23864 169462
1507 1520 1446 103.2 67182 125579
791 791 968 102.6 66921 62195
555 555 781 100.9 44642 59501
1804 1179 1104 100.9 4738 142424
1510 1345 1162 100.9 17463 137419
1221 1283 1092 100.9 84713 60909
1378 1330 1155 100.9 29774 124287
1555 1443 1299 100.9 15214 157994
1206 1206 1166 97.9 133767 18457
1234 1234 1183 97.9 24900 129490
1830 1532 1369 97.9 122997 55773
1903 1718 1498 97.9 118986 76584
1483 1600 1433 97.9 10655 176481
1574 1587 1461 97.9 29660 161080
919 919 1058 89.9 70055 56748
1942 1430 1375 89.9 10064 154705
1363 1397 1304 89.9 25358 130813
1346 1372 1281 89.9 31602 121872
1504 1438 1289 89.9 13711 140765
1507 1473 1362 89.9 22492 140673
1713 1593 1442 89.9 23229 149559
1640 1617 1468 89.9 36908 138943
985 985 1078 66.7 44497 51373
801 801 949 66.7 13382 71016
727 764 878 66.7 48068 29995
1898 1331 1188 66.7 10385 95191
2018 1674 1352 66.7 60619 59540
1241 1458 1249 66.7 6524 104498
1740 1599 1399 66.7 11246 113107
1571 1585 1460 66.7 15112 114665
1493 1539 1462 66.7 47152 82787
927 927 1048 66.7 29534 63677
571 571 802 66.7 13566 57777
1373 972 996 66.7 8476 80159
1302 1137 1040 66.7 12404 80166
1271 1204 1036 66.7 16324 75844
938 1071 957 66.7 27645 57518
716 716 780 66.7 23820 45554
1093 905 901 66.7 15409 64788
1827 1366 1177 66.7 32326 72362
923 1144 1024 66.7 42863 48276
102 102 353 63.4 71903 -42098
46 46 319 62.0 65389 -38970
299 299 427 62.0 32038 3290
434 367 375 62.5 0 31237
2944 1655 1128 62.5 4314 89711
1062 1359 988 62.5 12610 69781
1194 1276 1064 62.5 6840 81848
793 1035 973 62.5 9005 72105
1315 1175 1171 62.5 9615 88019
988 1081 1057 62.5 13805 74347
1312 1197 1116 62.5 16690 76349
1405 1301 1164 62.5 10204 86863
864 1083 1042 62.5 9483 77410
488 488 651 53.7 29962 16675
761 625 726 53.7 6750 45213
761 693 724 53.7 50067 45213
640 667 655 53.7 6698 40205
2630 1648 1248 53.7 9959 79417
2630 2139 1623 53.7 84793 79417
3814 2977 2291 53.7 9472 154553
1356 1356 1326 53.7 25989 68905
1111 1233 1396 57.9 11205 96689
862 862 1142 57.9 18057 70156
721 721 1006 57.9 6504 71230
765 743 802 57.9 20034 41931
599 671 707 57.9 6693 47950
1253 962 851 57.9 5464 60257
812 887 792 57.9 10177 50991
903 895 812 57.9 8989 53752
1658 1277 1073 57.9 5067 77802
1532 1404 1198 61.4 15388 82739
937 1171 1065 63.0 10928 78510
1447 1309 1184 63.0 30431 69058
1336 1322 1232 63.0 10592 92860
1453 1387 1284 63.0 9652 98171
1576 1482 1334 63.0 49225 62818
1576 1529 1389 63.0 106973 62818
1169 1349 1283 63.0 8491 99291
1852 1601 1462 63.0 14556 108256
1187 1394 1334 63.0 13164 98855
1496 1445 1371 63.0 6225 108970
1389 1417 1338 63.0 12583 99784
1450 1434 1365 63.0 11288 103382
1131 1282 1244 72.8 37463 83227
764 764 897 63.0 6713 68671
1935 1349 1258 63.0 8926 96777
1354 1352 1236 63.0 13991 89810
944 1148 1090 63.0 10641 80925
595 595 699 61.7 29805 27646
174 174 448 61.2 29775 6752
302 302 468 61.7 1353 37151
1678 990 846 61.7 20950 48587
152 152 228 60.7 48409 -29911
350 350 344 60.7 5296 22537
2804 1577 1165 60.7 2110 92276
647 1112 924 60.7 27121 47730
781 947 820 60.7 9868 56542
1043 995 912 60.7 33746 40086
1068 1031 1024 60.7 5704 77259
1217 1124 1032 60.7 7593 75964
1676 1400 1207 60.7 9313 88426
1561 1481 1283 60.7 11378 92563
1173 1327 1215 60.7 10758 87637
1176 1251 1194 60.7 6494 90223
1274 1263 1222 60.7 12133 86852
898 898 972 60.7 10712 67992
1094 996 1007 60.7 7673 73862
1790 1393 1238 60.7 10292 90002
1317 1355 1210 60.7 15505 82475
884 1120 1051 60.7 12892 72216
1078 1099 1064 60.7 10677 75452
1380 1239 1178 60.7 9320 86083
1773 1506 1339 60.7 8667 99812
1257 1382 1249 60.7 15524 85589
838 838 910 65.9 8244 71692
1060 949 992 65.9 11960 75205
615 615 749 61.2 8146 52965
998 806 828 61.2 9147 58431
1244 1025 902 66.6 8760 71367
1429 1227 1049 67.4 9651 84603
1376 1302 1098 72.8 10757 95877
1338 1320 1163 72.8 9467 103483
1461 1390 1253 90.6 14825 136610
1591 1491 1350 90.6 12479 150720
1506 1498 1373 90.6 18710 147245
1488 1493 1385 90.6 38147 129201
1379 1379 1323 90.6 17218 142658
851 851 976 72.8 62999 31825
1582 1216 1198 72.8 2439 113951
1383 1300 1215 72.8 13658 104346
1920 1610 1408 72.8 14182 122534
1374 1492 1311 72.8 15297 112005
1398 1445 1345 72.8 9689 120963
1318 1381 1322 72.8 10031 118327
594 594 814 66.8 50796 21759
249 249 538 64.1 41213 4786
245 245 456 60.3 15293 21353
1245 745 711 60.3 1305 55803
2047 1396 1056 60.3 8875 75995
1474 1435 1098 60.3 12601 75635
1552 1494 1218 60.3 6234 91696
1830 1662 1433 60.3 8300 106891
1460 1561 1447 60.3 4438 111865
1393 1477 1408 60.3 13038 100121
1587 1532 1452 60.3 13413 103316
1811 1671 1555 60.3 16166 108788
1313 1492 1425 62.4 13849 104760
1852 1672 1547 62.4 8875 119947
1473 1572 1486 62.4 11956 111722
1899 1736 1612 62.4 20693 113502
1643 1689 1569 62.4 16279 114356
1707 1698 1600 62.4 18748 114462
1940 1819 1679 62.4 17491 122269
1435 1627 1567 62.4 12890 117590
1601 1614 1558 62.4 12026 117694
1454 1534 1498 62.4 21352 103337
1295 1415 1415 62.4 7313 110484
1148 1281 1294 86.1 11099 137337
1986 1634 1514 86.1 14754 159017
1575 1575 1458 86.1 20514 146755
1617 1596 1476 86.1 31052 138314
1491 1543 1444 86.1 17787 147909
1639 1591 1512 86.1 23323 150129
1551 1571 1490 86.1 15458 155550
1386 1386 1367 92.8 17701 151336
1854 1620 1517 94.3 20585 170151
1427 1427 1382 94.4 23819 150176
1609 1518 1443 94.4 25533 156128
1440 1440 1372 94.4 26205 146576
1321 1321 1310 94.4 21003 143979
1570 1446 1371 94.4 11831 160710
1333 1333 1294 94.4 39263 123646
1858 1596 1463 94.4 21241 162920
1357 1357 1294 94.0 35682 126462
663 1010 1079 93.0 106420 27309
11 11 376 92.5 129541 -83201
0 6 332 89.3 129475 -89940
12 12 215 70.6 128033 -107793
12 12 116 5.2 126591 -125788
12 12 11 5.2 125149 -125076
18 18 15 5.2 122776 -122673
12 12 11 5.2 121334 -121256
208 208 145 5.2 70343 -69341
0 104 80 5.2 0 548
0 52 56 5.2 0 384
0 26 40 5.2 0 278
797 412 313 5.2 0 2160
1668 1040 737 5.2 0 5082
1506 1273 935 5.2 0 6447
4477 2875 2122 5.2 0 14639
6739 4807 3696 5.2 1172 24323
7296 6052 4961 5.2 2453 31767
7538 6795 5901 5.2 3320 37387
7498 7146 6540 5.2 6233 38886
4261 5703 5567 5.2 4626 33780
1916 3810 4081 5.2 5128 23027
5955 4882 4920 5.2 2423 31520
4516 4699 4641 5.2 2160 29852
6850 5775 5429 5.2 2316 35133
1445 3610 3638 5.2 3317 21782
3321 3465 3555 5.2 1034 23487
1233 2349 2637 5.2 1043 17150
10773 6561 5741 5.2 1073 38532
5143 5852 5305 5.2 7176 29417
7168 6510 5604 5.2 2028 36634
2419 4465 4569 9.5 6035 51601
3992 4228 4324 42.9 7387 240119
1616 1616 2412 45.7 76912 69967
1497 1557 1863 62.8 5354 150524
1612 1584 1947 65.2 20034 149334
1769 1677 1661 65.2 23904 120602
1796 1736 1620 65.2 19343 121544
1390 1563 1487 65.2 16994 112358
1465 1514 1444 65.2 9127 116453
1870 1692 1600 65.9 19322 121309
1433 1562 1498 66.5 13672 119030
1805 1684 1556 66.5 10081 127752
1353 1518 1470 66.5 9601 120632
1347 1433 1371 66.5 92783 28666
962 962 1025 66.5 4279 86526
1383 1172 1135 66.5 11168 89410
1570 1371 1322 66.5 19382 97749
12 12 217 65.9 110745 -91660
12 12 102 61.8 110745 -102349
12 12 225 34.8 109303 -98855
8 8 52 10.7 108187 -107445
6152 3080 2353 10.7 0 33654
2496 2788 2392 10.7 4312 29893
4257 3523 2731 10.7 4448 34611
7890 5706 4915 10.7 3272 67028
1920 3813 3689 10.7 8296 44460
1695 2754 2632 10.7 6506 31132
4404 3579 3474 10.7 1963 47719
2005 2792 2933 10.7 8748 33197
970 1881 1957 10.7 3187 24800
2939 2410 2318 10.7 2474 30680
7243 4826 4252 10.7 4379 56435
611 2719 2665 10.7 4665 33452
2365 2542 2365 10.7 4491 29335
5555 4049 3713 10.7 3172 49933
1471 2760 2775 10.7 7176 32516
2388 2574 2484 10.7 3327 32203
3653 3113 2927 10.7 2332 39530
2456 2784 2699 10.7 3435 35161
3194 2989 2788 10.7 5263 34613
2083 2536 2468 10.7 3893 31408
7375 4956 4284 10.7 3397 57875
2279 3617 3439 10.7 5872 43316
1798 2708 2698 10.7 5675 32917
2443 2575 2620 10.7 4570 32897
2133 2354 2431 10.7 5003 29764
3029 2692 2562 10.7 2576 34071
2118 2405 2318 58.7 3998 177360
1474 1474 1588 63.9 24328 110992
1368 1421 1485 64.1 17549 109434
851 851 1021 64.1 29037 58215
666 758 846 64.1 4203 68078
906 832 838 64.1 6686 64977
1156 994 930 64.1 5706 73756
1236 1115 1006 64.1 13199 72836
1064 1090 1001 64.1 6870 78668
1258 1174 1078 64.1 13587 78526
1652 1413 1276 64.1 8414 100633
705 705 766 63.9 31196 34094
1167 936 901 63.9 6890 69868
856 896 883 63.9 11779 63427
671 783 773 63.9 12328 53549
432