3824 1912 1912 1593.3 2142 252783
2512 2212 2212 263.4 30590 264306
2791 2501 2501 113.6 22452 311070
2906 2906 2906 113.9 29854 357652
3123 3123 3123 109.7 41247 375195
2299 2299 2299 90.5 138942 138615
1703 1703 1703 73.9 57913 109809
3307 2505 2505 73.9 9094 237805
3796 3150 3150 74.0 25184 285513
2079 2079 2079 72.9 76012 125950
1826 1952 1952 73.6 18168 173469
1715 1834 1834 73.7 34210 145873
1504 1669 1669 73.7 43800 120182
159 159 159 68.3 137425 -122977
328 328 328 69.0 85591 -55391
216 216 0 66.0 59476 -59476
615 615 0 66.0 0 0
1789 1202 1185 66.0 0 104245
3741 2472 2534 66.0 8415 214559
3755 3113 3212 66.0 22639 259969
2417 2417 2211 66.0 31838 162755
2798 2607 2843 66.0 17167 233015
2490 2549 2405 66.0 29173 182467
1982 2265 1918 66.8 24269 146478
927 927 532 66.0 73694 -26849
554 741 593 66.0 66303 -14139
554 647 370 66.0 66303 -14139
554 601 164 66.0 66303 -14139
10 10 0 58.9 37393 -37393
162 86 74 58.9 17084 -11279
65 65 4 60.7 8469 -8107
72 69 0 62.4 7027 -7027
19 19 26 62.4 3483 -1356
0 9 2 47.2 0 102
720 365 402 47.2 0 25311
0 182 105 44.6 23464 -17201
0 91 84 44.6 23464 -17201
0 46 119 44.6 15448 -8401
302 174 129 44.6 14093 -6458
0 87 30 44.6 14093 -12307
55 55 38 44.6 0 2262
0 27 49 44.6 0 2930
0 14 0 36.1 0 2930
0 7 0 36.1 2395 -2395
0 3 0 36.1 2395 -2395
0 2 0 36.1 2395 -2395
0 1 0 36.1 2395 -2395
0 0 0 36.1 0 -2395
0 0 0 36.1 2200 -2395
0 0 0 36.1 2200 -2395
0 0 0 36.1 2200 -2395
0 0 0 36.1 4595 -4595
0 0 0 36.1 4595 -4595
0 0 0 36.1 4595 -4595
4 4 4 36.1 0 200
0 2 1 36.1 2194 -2134
0 1 1 36.1 2128 -2085
22 22 25 36.1 0 1219
382 202 218 36.1 0 10494
56 56 18 36.1 4577 -3714
53 54 66 36.1 0 3197
53 54 89 36.1 2305 1965
0 27 0 29.9 0 0
25 26 23 29.9 0 909
0 13 7 29.9 2266 -1982
56 35 28 29.9 0 1129
469 252 270 29.9 0 10761
2058 1155 1230 29.9 2438 46665
697 926 786 29.9 5131 26234
1782 1354 1403 29.9 2316 53718
232 793 869 29.9 36821 -2103
66 66 0 27.4 25342 -25342
79 72 131 27.4 25342 -20534
190 190 29 27.4 0 1072
858 524 383 29.9 0 15307
6992 3758 4269 29.9 1157 169295
5141 4449 4263 29.9 20120 150120
4579 4514 4346 29.9 18198 155357
2733 3624 3236 29.9 21918 107304
2958 3291 2944 29.9 15100 102475
2498 2894 2565 29.9 11056 91368
2038 2466 2069 29.9 10459 72164
3623 3045 3005 29.9 8124 111850
3086 3065 2891 29.9 4115 111313
2658 2862 2592 29.9 11047 92448
4218 3540 3519 29.9 7637 132882
2625 3082 2811 43.8 13274 150866
1792 2437 2128 53.9 19943 132874
909 909 447 41.5 44473 -19747
834 871 804 41.5 0 44433
402 637 598 41.5 7814 25218
343 490 374 55.1 5692 21771
1232 861 897 55.1 1207 64712
1979 1420 1471 55.1 6480 101640
1871 1646 1576 56.6 12995 105965
1861 1753 1634 73.4 6462 153476
3361 2557 2588 73.4 9610 243785
2759 2658 2521 73.4 11975 234856
3469 3064 2950 73.4 21850 266985
2446 2755 2518 76.9 63327 194979
874 874 275 55.1 200854 -180676
337 605 468 75.6 183558 -136422
212 212 148 75.8 148775 -133786
2366 1289 1533 75.8 0 154945
3048 2169 2325 75.8 21047 213975
1939 2054 1839 75.8 37049 148839
1519 1519 1142 75.8 21564 93918
837 837 558 70.5 25407 27062
678 757 742 70.5 3158 66595
1521 1139 1265 70.5 4281 114620
1470 1305 1313 70.5 11815 111615
1357 1331 1219 70.5 10608 103948
1194 1262 1125 70.5 38567 67144
12 12 0 45.0 97798 -97798
18 18 22 45.0 95464 -94131
12 12 142 45.0 94022 -85519
6 6 92 41.9 93226 -88091
6 6 6 31.9 93226 -92988
12 12 13 31.9 91784 -91215
12 12 11 31.9 91784 -91215
12 12 10 31.9 91784 -91215
12 12 11 31.9 91784 -91215
0 6 4 31.9 0 170
12 12 13 31.9 86270 -85719
12 12 12 31.9 86270 -85719
8 8 7 31.9 82906 -82622
12 12 12 31.9 81464 -80959
0 6 5 31.9 81464 -81269
0 3 2 31.9 81464 -81269
93 48 56 31.9 0 2380
137 92 98 31.9 0 4158
0 46 28 41.4 0 1521
0 23 8 41.4 0 1521
0 12 9 43.1 0 541
794 403 477 43.1 0 27431
2187 1295 1437 43.1 2278 80303
298 298 4 19.3 43566 -43466
372 372 248 19.3 0 6365
346 359 359 19.3 1268 7968
498 429 477 19.3 0 12275
234 331 283 19.3 7764 -479
59 59 0 19.2 0 0
605 332 374 19.2 0 9590
796 564 608 19.2 0 15604
3309 1936 2111 19.2 997 53140
1259 1598 1385 20.7 3397 34889
1461 1529 1243 20.7 4136 30216
5527 3528 3651 44.5 3731 213049
2843 3186 2915 50.9 16850 181046
4500 3843 3656 50.9 19719 228493
4161 4002 3634 50.9 25263 221438
3686 3844 3629 50.9 25063 221340
5052 4448 4287 50.9 25122 265932
3934 4191 3960 50.9 30225 238629
6507 5349 5361 50.9 33465 330497
5588 5468 5304 50.9 30461 329633
6579 6024 5960 50.9 14290 390358
3245 3245 2621 50.9 76921 101058
1116 1116 408 46.7 25097 320
306 306 202 46.7 581 11990
1256 781 1263 46.7 1229 77463
1407 1094 1344 46.7 68248 15450
100 597 445 44.2 72639 -46396
148 372 234 44.2 72639 -58858
0 186 164 44.2 72639 -62978
15 15 15 40.4 66776 -65954
15 15 38 40.4 66776 -65954
0 8 31 40.4 0 1644
1755 881 1025 40.4 0 55196
0 441 345 40.4 48782 -30215
139 290 137 40.4 24758 -17360
225 225 197 40.4 0 10621
254 254 276 42.9 5327 10472
254 254 251 42.9 15920 10472
254 254 237 42.9 26344 10472
784 519 541 42.9 4455 26504
784 652 645 42.9 31591 26504
3401 2026 2171 42.9 4778 119530
392 392 97 40.3 71668 -66468
270 270 5 40.3 36388 -36126
401 336 418 40.3 0 22505
666 501 585 40.3 2902 28560
418 459 425 40.3 4753 18109
9048 4754 5162 40.3 1884 275743
3442 4098 3966 40.3 47093 166203
1169 1169 352 28.5 51721 -38341
235 235 98 28.5 18194 -14448
119 119 423 28.5 7018 9100
145 132 348 28.5 0 13256
6987 3560 3964 28.5 0 150871
1563 2561 2010 28.5 18733 57772
3054 2808 2343 28.5 4454 84727
1388 2098 1490 28.5 9982 46735
2051 2074 2056 28.5 7159 71086
2812 2443 2360 28.5 9269 80542
4798 3621 3572 31.0 10790 136919
3491 3556 3218 31.0 14405 118636
2107 2831 2392 41.8 15688 117614
2602 2716 2437 41.8 14137 121702
1730 2223 2140 61.3 13339 161477
1740 1982 1966 61.3 27579 132988
1116 1116 1040 54.2 23577 51635
798 957 1007 54.2 6348 66430
1743 1350 1436 54.2 8607 95190
1960 1655 1675 54.2 12252 108860
2340 1998 1853 54.2 12354 121569
2041 2019 1783 54.2 17091 111773
1414 1717 1493 54.2 9330 98586
2305 2011 1879 63.8 10681 149229
2418 2214 2109 63.8 24149 155320
2408 2311 2164 63.8 16948 167232
799 799 534 54.8 80197 -41217
375 375 356 54.8 38403 -12417
107 107 269 36.3 27818 -14768
232 232 473 36.3 0 22936
304 268 328 54.7 20026 3901
304 286 282 54.7 23228 3901
1615 951 931 54.7 0 67890
715 833 723 56.8 16021 38700
934 884 751 56.8 5678 51141
2178 1531 1423 56.8 7673 100045
2582 2057 1945 56.8 13456 133770
2110 2083 1836 56.8 13690 125286
2559 2321 2055 56.8 14601 140968
2811 2566 2351 56.8 15469 162466
1834 2200 1976 56.8 25760 123768
2551 2375 2205 56.8 14876 152026
2877 2626 2493 56.8 19684 168981
2224 2425 2260 56.8 9851 161246
1531 1531 1301 56.8 24619 73818
1412 1472 1413 56.8 7925 99058
1264 1368 1395 66.6 11880 112082
1379 1374 1395 66.6 16208 107743
1733 1553 1489 66.6 16045 116273
1022 1022 901 66.6 15238 64823
1010 1016 956 66.6 46400 38523
1270 1143 1122 66.6 75760 23893
16 16 0 54.7 98927 -98927
15 15 62 54.7 96665 -92154
12 12 117 36.2 95223 -89561
5 5 132 29.0 94547 -89456
11 11 11 18.3 93105 -92833
1061 536 554 18.3 0 13495
2376 1456 1427 18.3 0 34787
10856 6156 6323 18.3 2943 151141
1793 3974 3186 18.3 14787 62850
1710 2842 2019 18.3 4274 44918
2497 2670 2211 18.3 2347 51525
1264 1967 2164 18.3 12586 40151
880 1423 1456 18.3 5795 29677
2886 2155 2168 18.3 4013 48824
708 1432 1357 18.3 6134 26940
2765 2098 2032 18.3 3187 46325
1326 1712 1503 18.3 5904 30721
1681 1696 1618 18.3 6679 32748
2519 2108 1937 18.3 3227 43972
1315 1711 1589 18.3 17644 21068
1592 1651 1517 18.3 2409 34559
3078 2364 2229 18.3 4820 49497
673 1519 1373 18.3 6791 26678
2123 1821 1704 18.3 4627 36888
995 1408 1251 18.3 3007 27482
7185 4296 4225 18.3 3763 99194
1823 3060 2702 18.3 13077 52767
1762 2411 2019 18.3 6686 42506
1602 2007 1703 18.3 11504 29996
1969 1988 2068 18.3 2667 47729
1772 1880 1856 18.3 8118 37100
1136 1508 1437 58.5 4133 107965
1559 1533 1456 65.5 13611 113484
1407 1470 1413 66.0 12738 111613
1533 1501 1433 67.9 9674 120137
1291 1396 1297 67.9 14894 102527
1066 1066 988 67.9 5757 83699
1435 1250 1190 67.9 11121 96687
1769 1510 1448 72.0 1109 137844
1652 1581 1473 72.0 15830 125526
1583 1582 1421 72.0 13727 122648
1939 1760 1609 72.0 16285 138140
2177 1969 1822 80.4 14789 180551
1922 1945 1781 80.4 18268 172664
1579 1579 1420 82.1 27411 128041
2101 1840 1721 82.1 15912 172493
2532 2186 2077 82.1 18281 209101
2351 2268 2110 82.1 24196 206777
2628 2448 2223 82.1 25077 218292
1917 1917 1720 82.1 39528 148843
2279 2098 1963 82.1 14477 200446
1590 1590 1502 81.2 28098 134616
1217 1217 1184 81.2 13029 115220
1056 1056 1034 81.2 11799 100241
857 857 892 81.2 21086 75531
612 612 627 81.0 23950 43743
420 420 434 81.0 17578 29332
166 166 201 79.8 29724 -8327
162 162 207 79.4 12945 8965
257 209 242 79.4 22015 3639
126 168 178 69.2 15034 1430
93 93 82 68.4 3247 4194
93 93 90 68.4 6648 1538
0 46 54 65.5 0 4710
1096 571 557 65.5 0 48686
229 400 348 65.5 29892 542
107 107 48 52.1 12467 -9159
211 159 129 52.1 0 8980
1544 851 858 52.1 1104 58503
895 873 803 52.1 54733 1046
895 884 744 52.1 54733 1046
895 890 759 52.1 54733 1046
182 536 485 52.1 0 33676
15716 8126 7709 52.1 4791 530611
589 589 1990 50.4 338570 -204727
288 288 67 37.4 302668 -299317
216 216 98 37.4 277564 -272675
90 153 1103 37.4 271796 -216812
90 121 155 29.0 271796 -216812
827 827 645 29.0 27543 -2584
3392 2109 1662 29.0 0 64275
0 1055 979 29.0 49818 -11964
0 527 451 29.0 49818 -11964
0 264 309 29.0 49818 -11964
0 132 315 29.0 49818 -11964
0 66 156 20.3 0 -11964
0 33 78 20.3 2022 -11964
0 16 39 20.3 2022 -11964
0 8 20 20.3 2022 -11964
0 4 10 20.3 2022 -11964
0 2 5 20.3 0 -11964
0 1 2 20.3 2234 -11964
0 1 1 20.3 2234 -11964
0 0 1 20.3 2234 -11964
0 0 0 20.3 2234 -11964
0 0 0 20.3 0 4
0 0 0 20.3 0 2
867 434 321 20.3 0 8679
867 650 523 20.3 0 14147
5800 3225 2448 20.3 0 66246
3292 3259 2729 20.3 7279 66566
3114 3186 2643 20.3 4268 67269
2397 2792 2372 20.3 7743 56452
2362 2577 2411 20.3 6212 59023
654 1615 1673 21.1 6176 40829
494 1055 1151 21.1 5951 26440
1858 1456 1400 21.1 2399 37015
477 967 1063 21.1 8841 21064
389 678 698 21.1 29051 -9391
232 455 471 21.1 0 13274
1118 786 742 21.1 0 20893
4383 2585 2100 21.1 2518 56629
3890 3238 2735 21.1 2319 74687
2490 2864 2425 21.1 2554 65750
3341 3102 2596 21.1 2275 70829
1674 2388 2242 21.1 8123 55012
3674 3031 2723 21.1 4889 71802
2395 2713 2532 21.1 10477 60848
1556 2135 2056 21.1 7142 50755
2136 2136 1952 21.1 6824 48151
1969 2052 1965 21.1 5297 50048
2574 2313 2130 21.1 5651 54328
2848 2581 2311 21.1 5859 59244
3363 2972 2630 58.8 7838 198518
1048 1048 1173 60.7 90042 4946
761 761 787 63.7 0 66846
3053 1907 1732 64.7 5820 143609
2982 2444 2279 64.7 20656 175965
2930 2687 2299 64.7 15872 182520
2765 2726 2315 64.7 20142 179596
1750 1750 1669 64.7 22221 121753
1859 1805 1682 64.7 14120 131017
2571 2188 2037 64.7 14678 161111
1197 1197 1304 63.7 38492 72301
1412 1305 1202 63.7 9434 92694
829 829 881 64.7 14072 61935
1070 949 965 64.7 7479 75749
983 966 909 64.7 12590 65795
753 860 834 65.1 9725 62671
888 874 791 68.5 9631 62582
885 879 811 68.5 7047 67011
487 487 513 64.3 17369 26602
266 266 301 60.0 8531 15523
202 234 271 60.0 4483 17178
600 417 414 60.0 4074 29063
93 93 145 58.1 19506 -8299
863 478 386 58.1 0 29880
1067 773 650 58.1 3555 46786
643 708 630 58.1 7588 41200
375 375 332 58.1 7475 18233
301 338 315 58.1 2320 22074
149 243 277 58.1 13783 7663
240 242 262 58.1 0 20301
1433 838 689 58.1 2907 50439
5165 3001 2399 59.4 4477 185691
3715 3358 2829 59.4 13260 210947
2862 3110 2597 59.4 18149 187709
2846 2978 2529 59.4 11252 189207
3453 3216 2920 59.4 22021 209403
2242 2729 2592 59.4 17147 188317
3885 3307 2980 59.4 23364 212843
5219 4263 3786 59.4 24064 276016
4346 4304 3902 59.4 37258 271989
3316 3810 3446 60.1 37684 238273
3554 3682 3367 60.1 26892 242775
4134 3908 3644 60.1 27658 264154
4562 4235 3930 60.1 31699 283064
4200 4217 3892 60.1 30983 280726
5660 4939 4452 60.1 19652 336911
4589 4764 4398 60.1 36430 315778
5971 5367 4886 60.1 23292 368004
6444 5905 5386 75.4 28234 513250
6423 6164 5701 77.8 56426 535159
6130 6147 5690 86.3 82131 572264
5953 6050 5674 86.3 58567 593983
5804 5927 5628 92.8 49749 646934
6001 5964 5684 92.8 59533 644012
5854 5909 5650 92.8 60472 638845
5916 5912 5643 92.8 86756 611742
4079 4079 4139 92.8 163461 348844
4663 4663 4472 92.8 28097 525403
6018 5341 5117 97.2 59205 604185
7065 6203 5846 103.3 70986 708450
5208 5705 5319 97.6 157670 534832
6248 5977 5551 97.6 40593 682043
5923 5950 5651 97.6 292716 443005
5775 5863 5651 97.6 32873 702777
5483 5673 5450 97.6 52681 656889
3426 3426 3634 97.2 330121 140746
3773 3600 3602 97.6 16034 452908
10465 7032 6466 97.6 275521 566314
4243 5637 5476 96.6 327780 377215
12 12 628 85.7 690974 -619188
12 12 774 71.3 689532 -615933
9 9 713 56.8 688090 -634166
1549 1549 1658 56.8 491829 -366358
10630 6089 4973 56.8 0 376321
3832 4961 3977 56.8 51835 249131
7423 6192 5094 56.8 10056 375450
5132 5662 4830 56.8 54049 311489
5246 5454 5287 56.8 18347 381769
5649 5552 5212 56.8 34162 360280
6378 5965 5727 56.8 24508 408887
4926 5445 5232 56.8 38552 357407
4526 4986 4820 56.8 27971 336771
3911 4448 4375 56.8 36050 295072
3857 4153 4179 56.8 59134 257095
3356 3754 3779 56.8 32498 253477
3093 3424 3445 56.8 100595 160139
20 1722 1956 45.2 242072 -124280
11 11 466 1.8 240630 -239534
1051 1051 1290 1.8 17340 -14306
2160 1605 1725 1.8 0 4057
919 1262 1254 1.8 0 2948
646 954 798 1.8 0 1875
199 577 597 1.8 0 1403
871 724 784 1.8 0 1842
430 577 621 1.8 0 1460
285 431 467 1.8 0 1099
1015 723 666 1.8 0 1566
536 629 605 1.8 0 1422
36 333 344 1.8 0 808
139 236 244 45.2 0 14721
0 118 179 49.8 14197 -2342
112 112 164 54.5 0 11931
2102 1107 958 54.5 2195 67470
452 780 674 54.5 21723 27306
444 612 527 54.5 5341 33009
382 497 423 54.5 4533 26246
233 233 319 54.5 5851 17362
262 247 294 54.5 3210 18179
76 76 131 49.8 11129 -2414
52 52 100 47.3 4346 1950
62 57 73 47.3 0 4583
1214 635 556 47.3 0 35093
72 354 302 47.3 28100 -9038
43 43 45 37.9 22068 -19813
46 46 43 37.9 17176 -14996
83 64 124 37.9 11391 -5097
9 9 48 24.6 10184 -8608
24 24 25 37.9 7235 -5982
29 29 29 37.9 2292 -804
100 64 61 37.9 0 3087
86 75 63 37.9 0 3209
78 77 67 37.9 0 3362
98 87 76 37.9 0 3836
317 202 175 37.9 0 8856
0 101 92 37.9 8497 -3825
57 57 57 37.9 0 2864
45 51 52 37.9 0 2620
137 94 101 37.9 0 5112
214 154 140 37.9 0 7063
68 68 63 37.9 0 3172
39 53 50 37.9 0 2548
96 75 72 37.9 0 3650
375 225 205 37.9 0 10343
2265 1245 1043 37.9 0 52741
1406 1326 1108 37.9 3725 52308
2114 1720 1445 37.9 3981 69076
2740 2230 1882 37.9 4317 90867
4436 3333 2927 37.9 5878 142112
3980 3656 3210 47.4 12366 190606
2619 3138 2820 49.4 22631 163119
2071 2604 2425 49.4 17630 142073
2079 2342 2323 49.4 19732 133234
2613 2477 2474 49.4 15334 147578
2412 2445 2390 56.8 17001 164043
2210 2327 2234 56.8 13220 156038
2438 2383 2252 56.8 22649 147929
2135 2259 2162 61.1 18623 157640
1969 2114 2038 82.4 18829 205205
930 930 1029 61.1 96311 -12465
1156 1043 1133 61.1 0 92359
247 645 779 57.6 55598 4212
460 460 614 57.6 0 47114
1124 792 762 57.6 8085 50421
1755 1273 1180 57.6 7725 82840
1628 1451 1287 58.8 13839 86985
784 784 705 58.8 10660 44607
979 881 824 58.8 4714 59877
1635 1258 1189 58.8 7998 85200
1863 1561 1465 58.8 9157 105645
1094 1327 1197 60.7 13662 83197
1034 1181 1085 60.7 12359 75453
983 1082 1041 60.7 10995 73256
1241 1161 1142 60.7 6685 85702
728 728 752 60.7 11346 49519
553 641 665 60.7 8490 45294
964 802 788 60.7 8114 55635
661 731 737 60.7 3894 55782
470 470 473 60.7 7522 30728
693 582 557 60.7 3898 41156
407 494 499 60.7 6215 34190
1419 956 882 60.7 2559 68793
561 561 519 60.7 13775 28233
848 705 655 60.7 3977 49052
1387 1046 929 60.7 4423 70724
452 452 481 58.8 24884 12800
723 587 555 58.8 1123 42372
638 613 586 58.8 6984 38959
448 530 558 58.8 5202 38519
1051 791 712 60.7 5957 51644
1279 1035 930 60.7 7281 67983
1752 1394 1235 63.4 10930 93434
1191 1292 1140 63.8 9210 87746
2533 1912 1691 63.8 5167 138624
2361 2137 1903 63.8 14552 147247
1896 2017 1844 63.8 12050 144763
2028 2022 1837 63.8 15839 140454
1599 1811 1724 63.8 18947 127718
2330 2070 1968 63.8 17400 150065
2723 2397 2228 63.8 11771 177816
2375 2386 2222 63.8 30840 158180
1566 1566 1509 63.8 26992 101413
2138 1852 1780 63.8 12760 138650
2717 2285 2173 63.8 11852 173021
2993 2639 2474 69.8 7017 223334
2978 2808 2530 69.8 30980 204526
2911 2859 2604 69.8 15947 226535
2872 2866 2657 69.8 25246 222121
2984 2925 2745 87.0 161995 156337
410 410 641 69.8 221563 -161892
3978 2194 2145 69.8 0 199674
3090 2642 2509 69.8 19956 213615
3311 2977 2818 88.5 22715 309707
3018 2997 2558 88.5 38212 263591
2285 2285 2160 87.4 32668 219176
2475 2380 2288 90.4 26243 249409
1969 1969 1978 89.0 48422 186318
1266 1266 1395 84.5 77444 79705
2456 1861 1809 84.5 6597 197225
1620 1741 1718 84.5 30408 163170
1174 1174 1206 70.3 36403 76634
1099 1136 1091 70.3 8463 93806
872 1004 1044 70.3 15777 82052
931 968 1003 70.3 6754 87250
2137 1552 1427 70.3 7022 126689
4119 2836 2498 70.3 4243 229839
3144 2990 2618 70.3 29335 215972
2343 2667 2348 70.3 23218 196764
2695 2681 2419 70.3 23219 203474
2366 2523 2428 70.3 21548 205963
2342 2432 2372 70.3 20993 201239
2707 2569 2450 84.3 29086 246209
2624 2597 2475 84.3 27229 250902
2507 2507 2384 84.3 34003 233911
2540 2524 2387 84.3 37429 230846
2314 2314 2226 84.3 30636 219506
2618 2466 2358 84.3 27570 237414
2771 2619 2474 84.3 21765 256298
2878 2749 2588 84.3 28838 262035
2789 2769 2582 89.0 28723 277623
2344 2344 2242 89.0 28916 237109
2492 2418 2322 89.0 19918 255545
2512 2465 2373 89.0 49048 232476
2844 2655 2538 89.0 29457 271694
2391 2391 2268 90.3 31907 241192
2747 2569 2428 90.3 31963 260350
2577 2577 2437 91.9 31601 266997
1786 1786 1797 91.9 75313 144918
1582 1582 1596 90.5 31460 161098
1290 1290 1364 87.3 30914 127880
1475 1383 1447 90.5 20836 153775
1563 1473 1433 90.5 14035 158882
1826 1650 1561 90.5 17185 171201
2805 2227 2013 90.5 17730 225179
2046 2046 1871 90.5 26371 199431
2410 2228 2038 90.5 21250 224669
2984 2606 2370 90.5 28429 257574
1773 1773 1738 87.3 60554 141859
1845 1809 1750 87.3 12513 191284
1795 1802 1755 87.3 34637 169658
1672 1672 1697 87.3 30536 167023
1210 1210 1213 80.2 41277 88488
1404 1307 1298 80.2 11338 127545
1621 1464 1426 80.2 14048 138541
2552 2008 1873 80.2 14994 185427
1799 1904 1733 80.2 29150 156297
2294 2099 1912 80.2 18124 186396
1641 1641 1540 80.2 36256 128500
1774 1707 1660 80.2 14523 163033
2592 2150 2014 80.2 18666 196832
3473 2811 2597 80.2 16363 261477
3574 3192 2869 80.2 20731 286259
3749 3471 3114 80.2 24697 308495
3290 3380 3087 80.2 34147 296081
2751 2751 2629 80.2 40320 240959
2407 2407 2380 80.2 30421 224228
2776 2592 2565 80.2 22239 252191
4124 3358 3206 85.4 34654 330215
3124 3124 2938 85.4 58342 276026
2646 2646 2500 88.8 29676 266267
2324 2485 2379 88.8 283039 -1334
0 1242 1416 84.8 283039 -123043
1305 1305 1448 84.8 65098 98493
1402 1402 1467 84.8 11453 154365
1141 1141 1241 77.5 20617 107584
1391 1266 1204 77.5 11660 112730
982 982 968 77.5 18304 81722
1001 991 991 81.2 8698 98582
809 809 805 81.2 15240 71870
879 844 852 81.2 10139 82040
632 632 639 77.4 19958 46037
699 666 671 81.2 6658 65937
575 620 610 81.2 16735 49262
656 638 631 81.2 9197 59117
1108 873 804 81.2 9962 77101
4982 2927 2542 81.2 10818 264374
2989 2958 2560 81.2 40041 237047
2897 2928 2548 81.2 17491 258263
2880 2904 2536 81.2 34440 240029
2789 2846 2722 81.2 27065 267553
2977 2911 2782 81.2 28496 272571
3264 3088 2928 81.2 38132 278787
2771 2771 2657 81.2 39443 248160
3280 3025 2868 81.2 32328 278127
2834 2930 2790 81.2 36187 265849
2603 2603 2538 81.2 29403 245331
2771 2687 2572 81.2 28230 250127
2521 2604 2529 81.2 49139 224582
980 980 1143 77.4 135970 -17966
749 749 913 73.4 43680 45598
664 664 839 72.1 4597 76063
686 686 864 74.1 13810 71591
702 702 698 74.1 8283 60709
640 671 647 74.1 9187 54771
714 692 656 74.1 8591 56262
2302 1497 1342 74.1 6335 126217
3283 2390 2101 74.1 17190 190399
3073 2732 2391 74.1 16235 220037
3347 3039 2654 74.1 17007 245209
2941 2990 2693 74.1 31030 235013
2877 2933 2741 80.4 25465 268220
3012 2973 2809 80.4 28340 272623
2700 2837 2726 80.4 39616 252488
2496 2496 2431 80.4 22505 237922
3162 2829 2710 80.4 16564 273784
2779 2804 2691 80.4 32056 256258
2100 2100 2080 77.5 39186 175758
2326 2213 2139 77.5 18859 202194
2728 2470 2390 77.5 31368 215592
2664 2567 2478 77.5 26655 229403
3321 2944 2724 77.5 26201 255316
2559 2559 2403 77.5 32995 215341
2464 2511 2395 77.5 30932 216551
1899 1899 1875 77.5 48067 145645
1720 1720 1770 77.5 19807 163062
963 963 1077 72.1 67419 36043
632 632 796 64.8 20839 47993
1545 1089 1120 64.8 7757 89013
806 947 984 72.1 18707 75850
920 934 898 77.5 13659 79119
650 650 613 77.5 13121 50180
607 628 647 77.5 5919 60889
482 482 505 74.3 11444 38573
686 584 594 74.3 5377 53505
552 568 549 74.3 9967 44422
431 431 432 74.3 11892 30889
445 438 421 74.3 4157 37564
642 540 519 74.3 7999 43379
482 511 493 74.3 16076 32809
1256 883 797 74.3 4837 74166
719 801 725 74.3 12541 59301
1426 1114 1006 74.3 6058 93655
752 933 843 74.3 28984 54495
171 171 236 71.0 53207 -30876
126 126 187 58.3 37847 -23347
462 294 362 58.3 0 28103
7420 3857 3399 58.3 2068 262091
2200 3029 2585 58.3 62637 138219
2042 2535 2169 58.3 13659 154875
3693 3114 2652 58.3 14728 191339
4209 3662 3511 58.3 14903 257940
4293 3977 3703 58.3 20631 267108
4610 4294 3924 58.3 28355 276614
3970 4132 3844 58.3 29262 269485
3486 3809 3627 58.3 22217 259602
6006 4907 4605 71.0 31390 404638
5127 5017 4725 74.3 46376 421736
5797 5407 5060 74.3 60808 440495
3075 3075 3012 71.2 167513 118539
6704 4889 4681 71.2 4529 439982
4468 4678 4514 73.1 38637 401592
2417 2417 2645 60.0 152070 59722
1588 1588 1699 59.4 17897 116595
1849 1718 1950 59.4 9575 144790
2697 2207 2334 59.4 15658 169109
5087 3647 3352 59.4 13242 252095
3890 3769 3367 59.4 26960 239601
3859 3814 3438 59.4 29220 242914
3638 3726 3410 59.4 21360 248588
3296 3511 3373 59.4 27143 239908
4220 3865 3691 59.4 25162 267010
3774 3820 3652 59.4 21919 267169
3436 3628 3485 59.4 36142 239726
3461 3544 3391 60.7 33976 240468
2989 3267 3188 86.3 40620 326038
2314 2314 2368 71.4 80891 144573
2462 2388 2416 71.4 11804 218280
3363 2876 2814 71.4 14183 253712
3455 3166 3034 71.4 24934 263990
2879 3022 2819 71.4 27342 241081
2262 2262 2179 71.4 30050 177436
3798 3030 2891 71.4 19587 255649
2123 2123 2129 71.4 51601 151109
2337 2230 2224 71.4 19595 192173
1019 1019 1102 60.7 78386 10809
762 762 965 60.7 1208 76890
744 753 857 60.7 8304 61036
1806 1280 1315 60.7 8287 98104
2244 1762 1604 68.3 8905 137071
1622 1692 1520 68.3 12864 125496
2633 2162 1926 68.3 19515 155737
2767 2465 2234 72.3 11359 203896
2998 2731 2513 73.4 23143 222693
3085 2908 2659 73.4 25763 234356
4606 3757 3436 73.4 24357 311756
4307 4032 3701 73.4 26036 335977
4177 4105 3797 73.4 29032 342359
3359 3732 3496 73.4 53363 288610
1397 1397 1570 72.3 166483 -15263
3365 2381 2455 72.3 0 236542
3804 3093 3051 72.3 30357 263520
2873 2983 2926 72.3 35895 246015
3185 3084 2784 72.3 27999 240176
3133 3108 2902 72.3 21726 257852
2552 2830 2737 72.3 16806 246872
2545 2688 2606 73.0 23151 230568
3069 2878 2778 73.0 20711 249755
3112 2995 2878 73.0 27064 253169
2657 2826 2707 73.0 28596 234940
2673 2749 2630 73.0 33495 222498
2310 2530 2459 73.0 24034 215379
2894 2712 2629 73.0 19797 236117
2473 2592 2505 77.2 30562 227235
3028 2810 2688 77.2 24442 252148
3927 3368 3141 94.4 28804 366580
3539 3454 3232 97.4 59490 360192
3077 3077 2902 97.4 57579 319235
2968 2968 2834 97.4 48422 319581
2073 2073 2119 96.1 89556 181926
2249 2249 2285 96.1 25427 267422
2558 2403 2369 96.1 42366 261186
2333 2333 2301 96.1 40880 253957
3092 2713 2536 96.1 30425 294551
2062 2062 1993 93.8 71229 177998
3076 2569 2452 93.8 19835 286811
3679 3124 2908 93.8 31533 332235
3723 3423 3209 93.8 37510 363882
4190 3807 3474 93.8 50796 383747
4303 4055 3740 96.1 59052 420249
4388 4222 3944 96.1 61229 444142
4020 4020 3802 96.1 76866 410293
3223 3223 3157 94.2 102801 293526
3292 3292 3245 94.2 34411 373023
3506 3506 3439 94.2 33354 398352
4544 4025 3868 94.2 32366 453216
4303 4164 3904 94.2 57447 432627
4042 4042 3810 94.2 44765 433581
3491 3491 3359 90.9 67944 339327
1888 1888 2031 84.4 149031 79667
1767 1767 1951 84.4 10511 209124
2378 2072 2191 84.4 24310 222402
4159 3116 3039 84.4 20224 321954
988 988 1031 80.5 202314 -91622
546 546 667 71.4 130446 -66893
1354 1354 1380 71.4 0 131454
3569 2462 2414 71.4 11664 218270
2365 2413 2151 71.4 35069 169815
1742 1742 1547 71.4 9900 137475
1915 1828 1721 78.5 13863 166326
2575 2202 2142 78.5 25883 198333
1642 1642 1644 74.6 23436 140107
1200 1200 1213 71.3 28528 86777
895 895 964 71.3 9723 81922
558 727 849 71.3 53776 26971
285 506 600 59.2 77174 -29774
285 395 462 59.2 77174 -29774
1146 771 754 59.2 