2793 1397 1397 1163.9 2142 184077
1215 1215 1215 194.7 57654 104379
1245 1245 1245 90.1 18179 131380
1261 1253 1253 91.1 15761 136419
1590 1421 1421 92.5 9376 165856
1232 1232 1232 86.8 40481 102120
1249 1249 1249 86.9 13490 131189
1697 1473 1473 86.9 15843 154871
1258 1258 1258 86.4 25459 119447
1144 1144 1144 86.5 18219 113778
1139 1142 1142 86.7 15552 116344
1075 1075 1075 86.7 19457 104771
971 1023 1023 86.7 40094 78157
210 210 210 85.8 81165 -57179
386 386 386 85.9 44896 -724
301 301 174 81.7 38548 -19555
210 210 21 82.4 16730 -14415
18 114 136 83.2 0 15076
0 57 23 70.8 13377 -11200
0 28 0 74.4 13377 -13377
0 14 0 74.4 13311 -13311
16 16 0 74.4 11190 -11190
16 16 7 74.4 11190 -10449
12 12 9 78.1 9596 -8665
0 6 6 69.5 0 592
0 3 2 52.0 2379 -2222
0 2 0 53.9 2379 -2222
0 1 0 53.9 2379 -2222
0 0 0 53.9 0 0
65 33 26 53.9 0 1887
0 16 18 53.7 0 1317
0 8 11 46.2 2203 1317
0 4 8 43.5 2203 -1719
28 16 9 43.7 0 511
283 150 122 44.0 0 7154
0 75 85 44.3 6541 -1547
0 37 52 44.0 6541 -1547
0 19 35 41.4 0 1947
358 188 134 41.4 739 6644
0 94 95 41.4 7128 -1867
0 47 58 41.4 7128 -1867
0 24 47 39.9 0 2496
332 178 119 39.9 0 6358
0 89 86 39.9 5913 -1355
0 44 53 39.9 5913 -3103
0 22 45 39.9 5913 -3518
0 11 0 36.7 5913 -3518
0 6 0 36.7 0 -3518
0 3 0 36.7 2199 -3518
0 1 0 36.7 2199 -3518
0 1 0 36.7 2199 -3518
0 0 0 36.7 8112 -8112
0 0 0 36.7 8112 -8112
0 0 0 36.7 8112 -8112
0 0 0 36.7 691 -691
0 0 0 36.7 0 0
0 0 0 36.7 2274 -2274
0 0 0 36.7 2208 -2208
0 0 0 36.7 0 0
64 32 26 36.7 0 1277
422 227 189 36.7 0 9269
54 141 151 36.7 5551 1835
47 94 115 39.9 2642 3469
22 22 59 36.7 1528 1343
18 20 0 35.8 0 0
62 41 18 35.8 0 854
467 254 197 35.8 0 9396
241 247 239 35.8 1409 9976
354 301 294 35.8 0 14044
167 234 266 35.8 1334 11373
326 280 252 35.8 5177 6835
98 98 115 35.8 1764 3724
32 32 15 33.4 0 688
245 138 105 33.4 0 4699
1663 900 734 33.4 0 32712
2316 1608 1618 33.4 5413 66721
2285 1947 2014 33.4 8057 81758
2364 2155 2278 33.4 11671 89925
1315 1735 1623 33.4 14380 57978
1513 1624 1465 33.4 8420 56922
2060 1842 1812 33.4 8373 72420
1382 1612 1492 33.4 9274 57257
1059 1335 1187 33.4 6057 46880
1022 1178 1074 33.4 5155 42723
1316 1247 1153 33.4 5548 45889
1382 1315 1244 33.4 6056 49403
1457 1386 1326 33.4 5814 53336
1422 1404 1355 33.4 7669 52759
559 982 879 33.4 9853 29339
2050 1516 1473 33.4 3949 61743
378 378 483 33.4 22798 -1278
338 358 120 33.4 0 5329
887 623 532 33.4 0 23707
5173 2898 2766 33.4 958 122395
1009 1009 1138 36.2 15408 39542
1370 1189 465 38.8 2482 21566
3478 2334 3062 38.8 1092 157196
1367 1850 1165 38.8 33726 26511
1914 1882 1948 38.8 2368 98326
1198 1540 1749 38.8 21392 69031
666 666 834 37.9 47010 -4859
312 489 569 37.9 30580 -1834
198 343 255 56.6 0 19213
1778 1061 742 56.6 2110 53864
1812 1437 1153 56.6 8666 78257
1280 1358 1227 56.6 11182 81333
1200 1279 1261 56.6 7642 87476
691 691 792 53.1 18290 37807
773 732 748 53.1 4009 48945
1291 1012 895 53.1 5027 58328
982 997 884 53.1 7587 55001
1122 1060 974 53.1 6036 62897
1143 1102 1022 53.1 25943 46391
12 12 236 37.9 68726 -56778
13 13 161 35.4 66998 -59422
10 10 40 23.7 65670 -64402
18 18 10 23.7 63371 -63046
18 18 16 23.7 63371 -62878
10 10 10 23.7 62131 -61807
10 10 10 23.7 62131 -61807
10 10 9 33.4 62131 -61807
10 10 9 33.4 62131 -61807
10 10 9 33.4 55873 -55474
10 10 9 33.4 55873 -55474
10 10 9 34.9 55873 -55474
13 13 12 34.9 50516 -49972
12 12 11 34.9 49074 -48557
0 6 7 34.9 49074 -48751
0 3 4 34.9 49074 -48875
0 2 2 33.0 0 99
579 290 212 33.0 0 9304
2637 1464 1111 33.0 0 48794
2937 2200 1851 33.0 5363 75945
1008 1604 1466 33.0 13647 50742
610 1107 1126 33.0 9581 39872
745 926 954 33.0 5711 36222
371 649 677 33.0 6561 23188
600 624 622 33.0 2993 24350
516 570 545 33.0 22012 1920
2116 1343 1171 33.0 0 51462
2691 2017 1737 33.0 45756 30541
381 381 410 20.4 3585 7552
1602 992 1004 20.4 0 27282
309 650 619 34.5 5254 23254
483 567 637 43.4 2184 34643
1204 886 749 44.4 3674 40635
1271 1078 947 54.1 4790 63557
1124 1101 980 54.1 7468 63292
966 1034 937 54.1 8173 59442
2335 1684 1460 54.1 10870 94485
1529 1606 1427 54.1 13182 89830
1429 1518 1422 54.1 16040 86596
1832 1675 1525 54.1 11419 98667
2205 1940 1773 54.1 8182 119756
1417 1679 1589 54.1 11234 103425
1374 1527 1483 54.1 17126 89911
1420 1473 1416 54.1 9465 92753
1210 1341 1310 62.7 10480 99105
744 744 814 64.0 36263 33165
281 281 403 64.0 29825 4579
234 234 292 57.9 2053 20486
21 21 73 54.5 20471 -15181
116 68 92 54.5 13028 -6346
0 34 34 36.9 13028 -11338
0 17 26 36.9 13028 -11338
30 30 27 36.9 968 379
30 30 28 36.9 968 379
0 15 16 36.9 0 805
0 8 9 36.9 0 461
381 194 155 36.9 0 7655
1255 725 581 36.9 1206 27420
14900 7812 7375 45.5 2228 445469
1017 4415 4170 45.5 358045 -104901
996 2705 3154 45.5 358045 -166598
996 1850 2226 45.5 358045 -166598
126 126 1452 36.9 321970 -250433
126 126 542 31.9 321970 -298918
532 532 589 31.9 197763 -172713
452 492 621 31.9 0 26405
562 527 433 31.9 7204 11192
2182 1355 1002 31.9 1232 41393
361 858 707 31.9 8466 21612
372 615 565 31.9 2325 21701
3868 2242 1646 31.9 5771 64254
798 1520 1283 31.9 6938 47632
569 1044 1024 31.9 6933 36623
232 638 434 31.9 22736 -4296
867 752 777 31.9 11827 21206
6111 3432 2721 31.9 1053 114665
1250 2341 1877 34.4 12842 73141
886 1613 1486 34.4 8139 59936
1821 1717 1204 45.5 8469 64618
1047 1382 1437 45.5 7565 79638
999 1190 1208 49.5 11509 68203
1787 1489 1278 54.1 10785 81438
1204 1347 1206 54.1 8742 78289
1422 1384 1233 54.1 9003 80011
1322 1353 1136 57.4 8835 78202
1851 1602 1388 59.7 6670 103887
1180 1391 1203 59.7 12668 83148
941 1166 1072 59.7 13686 71717
1012 1089 966 59.7 9528 67425
756 922 884 61.9 13924 59045
1231 1077 982 61.9 6283 74850
1361 1219 1044 79.5 9654 100938
1399 1309 1131 82.7 14677 110028
1046 1177 1005 83.5 22391 89488
1224 1200 1042 83.5 12582 103437
1289 1245 1076 84.7 17155 104416
1299 1272 1128 85.3 14162 114107
1338 1305 1134 85.3 22628 106371
624 624 633 82.7 48071 21717
300 462 525 80.5 35258 21074
106 106 197 72.0 46284 -27384
237 237 357 72.0 14861 19413
240 239 234 66.4 33783 -13111
240 239 258 72.4 33783 -13111
1113 676 509 72.4 0 49177
558 617 484 72.4 9257 37523
1160 888 726 72.4 5402 64677
1486 1187 895 72.4 7670 78717
1376 1282 1066 72.4 8977 93914
1381 1332 1093 72.4 12036 93546
1137 1234 1042 72.4 10954 89645
1747 1490 1276 72.4 17690 105511
1171 1331 1157 72.4 7040 104724
1531 1431 1276 72.4 6560 116654
1272 1351 1161 72.4 8547 103531
1207 1279 1174 72.4 10809 102579
1035 1157 1041 72.4 15429 85097
1010 1084 1004 72.4 11313 85648
1103 1093 996 72.4 11833 84318
1070 1082 982 72.4 19297 75537
1360 1221 1076 72.4 11635 92276
904 904 826 72.4 11535 68237
1404 1154 1029 72.4 8322 91040
984 1069 920 72.4 12156 76704
639 854 839 72.4 24015 57009
179 179 253 65.7 54277 -32164
164 164 270 64.1 34830 -11777
2889 1527 1231 64.1 0 105240
107 107 213 60.7 83629 -66347
138 122 257 53.6 71742 -53340
321 321 112 64.3 15004 -5355
659 490 589 64.3 0 50510
1080 785 609 64.3 8196 44019
1147 966 742 64.3 12695 50920
3090 2028 1569 64.3 26427 108138
310 310 336 53.6 87140 -63113
410 410 524 53.6 38753 -1305
468 439 304 53.6 0 21728
426 432 633 53.6 5608 39677
223 223 216 33.9 16110 -6349
0 112 145 33.9 16110 -9578
0 56 88 33.9 16110 -12127
34 34 79 33.9 1074 2485
746 390 308 33.9 0 13925
683 536 404 33.9 1192 17075
774 655 519 33.9 2364 21083
5334 2994 2200 33.9 2588 96780
880 1937 1514 33.9 14870 53489
822 1380 1333 33.9 6155 54062
645 1012 751 33.9 8642 25277
1595 1304 1341 33.9 5155 55428
1290 1297 1204 33.9 7926 46427
1222 1259 1155 33.9 17592 34571
3392 2326 1854 33.9 2881 80844
902 1614 1395 33.9 11240 51778
1334 1474 1385 38.3 8525 62143
972 1223 1042 38.3 5971 47192
875 1049 1111 38.3 4213 52465
1142 1096 1028 38.8 5959 47194
1024 1060 988 38.8 4984 46100
1038 1049 962 38.8 4671 45082
1606 1327 1131 38.8 6361 52140
1370 1349 1161 38.8 3704 56349
999 1174 1057 38.8 6859 47811
1242 1208 1057 38.8 5369 49291
2469 1839 1538 50.4 7811 95478
1056 1447 1287 50.4 10605 75834
1077 1262 1178 50.4 6316 72770
1185 1223 1064 50.4 5354 66128
1411 1317 1238 73.5 10605 110697
1859 1588 1392 85.9 19236 140245
1364 1476 1301 87.9 20641 131924
1483 1480 1315 88.3 18985 135767
1060 1060 993 87.9 27947 88461
1105 1082 1051 87.9 9527 113689
1276 1179 1066 87.9 17502 107511
1330 1254 1159 87.9 10804 125065
1428 1341 1169 88.2 12514 124899
1248 1295 1140 88.2 19539 114509
796 796 795 88.2 33438 59995
381 381 485 86.4 49867 6010
172 172 296 79.5 43449 -12056
129 129 256 67.6 24657 -1604
175 152 213 58.2 24657 -8160
106 106 132 49.7 0 8774
877 492 386 49.7 0 25565
3511 2001 1481 49.7 6974 91103
988 1495 1173 49.7 32980 44695
367 367 440 47.5 24794 3044
218 292 271 47.5 9020 8150
96 96 284 42.6 1266 14890
192 144 326 42.6 4271 14226
2454 1299 990 42.6 4222 52059
2454 1876 1429 42.6 52783 52059
2454 2165 1723 42.6 103635 52059
2454 2309 1796 42.6 150741 52059
2517 2413 2038 42.6 6260 109571
1219 1816 1663 42.6 16926 77571
271 271 524 35.5 51895 -27118
302 302 514 35.5 14447 9829
190 190 357 35.5 3912 12964
59 125 366 35.4 12100 5181
59 92 97 34.6 16550 5181
102 97 110 34.6 0 5074
1874 985 769 34.6 0 35437
2966 1975 1516 34.6 6146 63756
1350 1663 1341 34.6 8825 52984
1977 1820 1472 34.6 4954 62921
1223 1521 1248 34.6 7211 50317
1723 1622 1520 34.6 4799 65251
1669 1645 1451 34.6 8937 57963
1261 1453 1364 34.6 10882 52001
1142 1298 1195 34.6 5626 49451
1127 1212 1126 34.6 8447 43452
2108 1660 1481 34.6 6213 62062
1166 1413 1267 34.6 8717 49702
828 1120 1069 34.6 7656 41636
1283 1202 1057 34.6 5765 42968
713 957 932 35.4 9904 34070
15 15 206 34.0 41207 -31882
283 283 348 34.0 0 15759
2219 1251 1040 34.0 5636 41456
365 808 764 34.0 28444 6167
0 404 395 34.0 34091 -16220
0 202 151 34.0 34091 -27270
75 75 196 34.0 1439 7444
1567 821 727 34.0 0 32910
1972 1397 1105 34.0 4769 45274
2121 1759 1430 36.8 7744 62456
406 406 338 34.3 20362 -4899
383 395 452 34.3 0 20682
538 466 437 47.8 5105 22788
320 393 552 51.1 26967 10647
161 161 182 47.9 1206 10426
1242 701 587 47.9 0 37534
1314 1008 807 47.9 4383 47157
270 270 293 33.1 15700 -2799
240 255 248 33.1 0 10914
5840 3047 2371 33.1 2643 101855
219 1633 1301 33.1 88940 -31608
281 281 549 29.0 50308 -29051
451 451 327 29.0 0 12631
525 488 657 29.0 1281 24147
2194 1341 1254 29.0 3203 45298
2024 1682 1276 29.0 7677 41675
1305 1493 1243 29.0 9774 38317
271 882 764 29.0 23032 6518
688 785 793 29.0 0 30694
0 393 487 29.0 31468 -12632
136 136 319 29.0 4725 7628
691 413 418 29.0 0 16154
1014 713 620 29.0 1323 22644
881 797 667 29.0 2311 23486
12519 6658 5174 29.0 2468 197707
1235 1235 1221 28.3 64207 -18072
1150 1192 1634 28.3 0 61748
1165 1179 583 28.3 10445 11576
908 1044 1778 28.3 1067 66116
475 759 761 28.3 22179 6577
366 562 601 29.0 0 23189
1172 867 764 29.0 3518 25986
1224 1046 873 29.0 4164 29564
1376 1211 990 29.0 2194 36040
740 975 829 32.9 4528 31861
1310 1143 969 32.9 4458 38107
660 901 819 32.9 5103 30847
261 261 434 31.5 5642 12554
256 258 339 31.5 2261 11958
539 399 402 31.5 1014 15846
135 135 233 31.5 2430 7333
315 225 211 33.5 0 9405
558 392 294 33.5 0 13145
534 463 384 33.5 1030 16134
296 380 314 33.5 1130 12911
489 434 356 33.5 1213 14702
141 288 275 33.5 7852 4422
145 216 237 33.5 0 10578
3004 1610 1107 33.5 1078 48372
1172 1391 1050 33.5 6155 40765
1628 1510 1226 41.8 4630 63721
2167 1838 1369 41.8 6884 69438
1234 1536 1382 41.8 8356 68659
381 381 608 33.5 23321 3837
735 558 633 33.5 0 28275
1781 1170 987 41.8 3770 51262
1506 1338 1153 41.8 5611 58657
2234 1786 1366 41.8 8198 67938
1600 1693 1345 41.8 6599 68357
1086 1389 1252 57.0 10124 84985
1593 1491 1298 57.0 12241 86394
1016 1253 1179 57.0 11796 77791
1013 1133 1097 57.0 8414 74975
613 613 686 53.6 14723 34303
1674 1143 1017 53.6 3667 68979
855 999 879 53.6 13167 49677
177 177 388 33.5 32507 -15166
1112 645 552 53.6 0 39470
473 559 514 53.6 8657 28100
127 343 428 53.6 29323 1285
1110 726 539 65.6 0 47188
1747 1237 933 65.6 6117 75510
2481 1859 1404 65.6 10001 112858
1542 1700 1340 65.6 16905 100374
1417 1559 1325 65.6 10170 105759
1537 1548 1334 65.6 14062 102634
1290 1419 1317 65.6 17230 98027
1386 1402 1285 65.6 9341 103143
2093 1747 1485 65.6 11118 118807
1147 1147 1109 65.6 15051 81983
1131 1139 1090 65.6 41214 54163
1778 1459 1228 65.6 7743 99682
1594 1526 1356 65.6 10061 108587
1333 1430 1254 76.2 49284 78030
2451 1940 1580 76.2 14434 146020
8302 5121 3784 76.2 23992 360313
1225 3173 2690 76.2 242405 30759
12 12 757 65.6 263817 -197536
12 12 456 52.2 262375 -230579
9 9 552 18.3 260933 -247442
2013 2013 1825 18.3 0 44603
2642 2328 1575 18.3 5153 33340
1498 1913 1479 18.3 2161 33984
680 1296 1020 18.3 7858 17072
47 47 429 4.4 16504 -13999
229 138 505 4.4 0 2943
621 380 519 4.4 0 3028
1634 1007 905 4.4 0 5279
2942 1975 1380 4.4 0 8046
806 1390 1032 4.4 1073 4947
251 821 737 4.4 0 4298
32 32 215 4.1 0 1162
264 148 443 4.1 0 2397
1623 886 813 4.1 0 4401
0 443 448 4.1 3567 -1141
12 12 75 2.5 2125 -1875
52 32 46 2.5 0 153
571 302 339 2.5 0 1130
119 210 218 2.5 0 727
378 294 224 2.5 0 748
1481 887 615 2.5 0 2051
550 719 551 2.5 0 1837
202 460 404 2.5 0 1348
1788 1124 838 2.5 0 2794
457 790 690 2.5 0 2299
649 720 681 2.5 0 2271
41 380 351 2.5 0 1170
341 361 459 4.1 0 2529
0 180 255 4.6 2196 -627
31 106 205 29.5 0 8067
1094 600 473 29.5 1055 17557
7086 3843 2710 29.5 2270 104259
1034 2438 1708 29.5 20971 46155
795 1617 1390 29.5 8180 46468
590 1104 890 38.5 6075 39639
470 787 1217 41.2 5836 61030
529 529 784 41.2 10358 32708
1190 860 874 41.2 6964 41041
1379 1119 956 41.2 5351 47171
470 794 712 41.2 20971 18131
597 696 613 41.2 2569 31096
1479 1087 904 42.4 6313 44853
783 935 842 42.4 23698 23946
0 468 502 42.4 45328 -16915
71 71 191 41.2 21909 -11412
105 105 253 42.4 4368 9940
0 52 177 41.2 10387 -675
498 275 272 41.2 0 14927
2170 1223 852 41.2 1374 45435
791 1007 715 41.2 5938 33338
823 915 713 41.2 6618 32523
749 832 640 41.2 3791 31385
1069 951 882 41.2 3232 45220
707 829 758 41.2 3882 37729
396 612 607 41.2 12643 20672
118 118 240 37.4 20531 -8588
671 394 445 37.4 0 22166
219 307 329 37.4 11258 5159
96 96 189 28.2 4901 2221
222 159 137 28.2 0 5168
1615 887 672 28.2 0 25298
8204 4545 3234 28.2 5180 116590
443 443 374 20.6 67311 -57055
109 276 554 20.6 61227 -46048
0 138 148 20.6 61227 -57172
188 188 894 20.6 0 24514
11744 5966 4015 20.6 4505 105541
1768 3867 2571 20.6 19901 50570
796 2332 1955 20.6 9261 44336
596 1464 825 20.6 6376 16233
1443 1453 2292 20.6 2673 60154
1422 1438 1783 20.6 10797 38084
1645 1541 1544 20.6 4223 38109
2253 1897 1580 20.6 6058 37247
3821 2859 2221 24.5 5606 66874
1300 2079 1714 24.5 7676 48272
655 1367 1318 28.7 5342 45043
654 1011 1064 28.7 10105 30541
273 273 795 25.6 4952 22142
772 522 803 25.6 4891 22485
575 549 627 25.6 5652 15717
1424 987 895 25.6 1157 29343
610 798 584 25.6 3078 16846
673 736 629 25.6 2066 19370
235 486 432 25.6 5027 9709
36 261 393 28.7 11770 3307
109 109 239 27.4 0 8747
652 380 406 27.4 0 14835
949 664 537 27.4 2003 17637
4744 2704 1860 27.4 1350 66632
1007 1856 1248 27.4 7523 38089
705 1280 1047 27.4 6678 31584
1320 1300 956 57.1 3043 69681
745 1022 1257 57.1 12426 83208
625 625 834 59.3 19984 45881
442 442 565 52.7 7918 31780
531 487 591 52.7 6525 35038
423 455 519 52.7 7113 29366
742 598 538 52.7 5437 32397
1180 889 684 52.7 5617 42446
588 739 603 52.7 5641 36724
1541 1140 873 52.7 4763 56594
333 333 340 48.6 20933 1094
519 426 509 48.6 0 32926
497 461 422 48.6 5830 21498
842 652 693 48.6 3092 41781
691 671 518 48.6 5325 28227
3281 1976 1414 48.6 3113 88424
733 1354 992 52.7 19298 50417
1094 1224 1033 52.7 6715 65895
2012 1618 1184 52.7 6322 76905
1376 1497 1426 52.7 8085 92159
1357 1427 1274 52.7 9547 79969
942 1185 1053 52.7 8807 65191
1450 1317 1234 52.7 8745 78005
1734 1526 1334 52.7 15398 78340
1666 1596 1387 74.5 11034 126775
717 717 753 52.9 45579 7538
1129 923 918 52.9 0 64732
744 834 843 52.9 8225 51270
1347 1090 1094 52.9 4343 72856
1194 1142 912 52.9 10792 53535
1657 1400 1151 52.9 6046 75132
1305 1352 1087 52.9 11821 64843
1343 1347 1156 74.5 4485 110352
1272 1310 1125 85.2 11277 116546
1207 1258 1152 89.3 11255 125915
1344 1301 1168 90.8 17208 124253
1334 1318 1177 90.8 15181 127369
1272 1295 1159 90.8 15520 124883
1245 1245 1114 90.8 8835 126051
1141 1193 1087 90.8 18082 113552
1270 1232 1115 92.8 19743 118186
1122 1122 1036 92.8 22222 106016
1213 1168 1061 95.5 8304 126865
1180 1180 1049 95.5 12313 121263
960 960 921 92.9 18614 95374
1000 1000 922 92.9 13322 100795
945 945 881 92.9 12890 96163
896 896 866 92.9 20640 86572
915 915 824 92.9 13358 88633
1112 1013 898 92.9 11300 99885
1677 1345 1110 92.9 10826 126648
1556 1451 1173 99.8 17663 138423
1193 1193 1022 99.8 18185 117727
1102 1102 973 99.8 27812 101589
1109 1106 1028 99.8 15596 121202
1349 1227 1142 101.6 17275 135034
1202 1202 1072 101.6 27374 115618
846 846 822 101.6 26260 83330
788 788 778 100.2 18223 85468
1433 1110 999 100.2 9340 123831
1407 1259 1107 100.2 14155 133445
1380 1319 1090 100.2 25690 119657
1367 1343 1084 100.2 8400 136193
1405 1374 1174 100.2 25684 130868
1148 1148 1056 97.6 14911 122491
1238 1193 1101 97.6 12497 130846
1307 1250 1128 97.6 22802 124073
1121 1121 1064 97.6 20487 118069
790 790 794 95.4 39030 62058
1106 948 900 95.4 11343 103216
1252 1100 1000 95.4 96157 31071
1617 1359 1171 95.4 43609 105411
2103 1731 1345 95.4 106757 64376
2103 1917 1513 95.4 168547 64376
2103 2010 1621 97.6 227772 64376
2103 2056 1703 97.6 288742 64376
2103 2080 1801 97.6 351716 64376
2103 2091 1850 97.6 411278 64376
297 297 662 94.2 392566 -309501
1381 1381 1404 94.2 245398 -69092
1489 1489 1363 94.2 93797 77330
1434 1434 1499 94.2 25668 162595
1234 1234 906 82.0 28578 70442
1190 1212 1128 82.0 9052 114192
1094 1153 1103 82.0 19480 101061
1032 1032 1020 82.0 14840 96588
1150 1091 1012 82.0 10530 100022
1159 1125 1025 92.5 6489 119856
1019 1019 951 92.5 15383 101825
1235 1127 995 92.5 13777 108885
1071 1099 981 92.5 12777 108156
1060 1060 976 92.5 12331 107954
1173 1117 982 92.5 18526 102554
1197 1157 1032 92.5 11785 115489
1261 1209 1067 92.5 10939 120544
1125 1125 1002 92.5 11638 111848
1402 1263 1108 92.5 16953 119694
1254 1259 1106 92.5 18111 118257
1278 1268 1138 98.8 16062 133872
1154 1154 1036 98.8 23353 113081
1305 1230 1118 98.8 15184 132176
1197 1197 1088 98.8 16972 126365
1490 1344 1199 98.8 12638 145366
1224 1224 1088 98.8 16042 127245
1078 1078 1019 98.6 10290 123584
1197 1137 1036 98.6 18405 117725
1331 1234 1130 98.6 16946 131628
1434 1334 1182 98.6 16917 138401
1263 1263 1105 99.4 16014 130363
1341 1302 1146 99.4 15244 136577
1148 1148 1055 99.4 14554 125225
1358 1253 1154 99.4 21861 131092
1217 1217 1102 100.1 20419 126574
1135 1135 1072 100.1 27634 115259
1293 1214 1082 100.1 12497 131744
1393 1304 1162 101.3 19220 135761
1223 1223 1110 101.3 20652 127308
1364 1293 1140 101.3 80584 71448
1419 1356 1190 102.0 66389 92333
1664 1510 1323 102.0 101443 74968
1706 1608 1371 102.0 145776 37035
1253 1253 1156 101.3 2983 151165
1139 1139 1093 100.1 21804 123918
1099 1099 1073 100.1 13931 129137
1753 1426 1326 100.1 23351 153434
1199 1199 1096 99.1 18571 126254
1280 1240 1121 99.1 18452 129654
1197 1197 1052 99.1 23009 115987
1580 1389 1269 99.1 17319 150367
1208 1208 1093 98.2 28783 114219
1278 1278 1163 98.2 12316 139938
1303 1303 1149 98.2 11747 138651
1183 1183 1126 98.2 14192 133218
329 329 511 94.8 97718 -33060
947 947 932 94.8 0 117826
997 972 905 94.8 20108 94278
564 564 689 91.3 33877 50005
871 718 568 91.3 4213 64934
1664 1191 996 91.3 5616 115565
1004 1004 907 91.3 11833 98568
1306 1155 940 91.3 14594 99814
1174 1164 945 91.3 12662 102286
831 831 848 90.2 17629 84381
1072 951 880 90.2 10814 95029
1741 1346 1155 90.2 14400 124515
1046 1046 982 90.2 13128 104918
1255 1151 997 90.2 7075 112827
1426 1288 1076 90.2 16140 113259
1135 1135 1086 90.2 19654 110903
1044 1044 961 90.2 13907 101659
1400 1222 1086 90.2 11411 119227
607 607 708 85.4 54279 26296
567 567 664 78.3 2946 66339
894 731 701 78.3 8466 64744
931 831 837 78.3 11984 75420
1062 947 789 78.3 11977 70377
789 868 725 78.3 15158 60582
1104 986 844 78.3 9214 78926
1465 1225 1016 78.3 14078 91963
1318 1272 1085 78.3 15202 98078
831 831 783 75.2 23441 55058
526 526 597 66.7 7950 45133
1408 967 914 66.7 7655 73640
421 421 560 66.7 27374 22452
1061 741 721 66.7 2443 61692
628 685 554 66.7 8610 40662
567 626 665 75.7 4741 62299
429 429 390 66.9 9127 25627
748 588 567 66.9 5169 45429
396 396 415 66.9 8309 28751
639 517 504 66.9 5975 39005
586 552 462 66.9 7800 33377
457 504 484 66.9 5776 37396
533 518 446 66.9 17846 21956
1052 785 647 66.9 4614 53089
881 833 690 66.9 7614 53933
715 774 657 66.9 7447 51180